20
#rooms:
0 0 0 3
1 1 0 2
2 2 0 2
3 3 0 -1
4 4 0 0
5 5 0 0
6 6 0 1
7 7 0 -2
8 8 0 -3
9 9 0 -1
10 10 0 3
11 11 0 0
12 12 0 1
13 13 0 -1
14 14 0 0
15 15 0 3
16 16 0 0
17 17 0 0
18 18 0 0
19 19 0 -3
20 20 0 -1
21 21 0 -3
22 22 0 3
23 23 0 -1
24 24 0 1
25 25 0 2
26 26 0 2
27 27 0 -3
28 28 0 -3
29 29 0 3
30 30 0 -3
31 31 0 2
32 32 0 -1
33 33 0 2
34 34 0 0
35 35 0 3
36 36 0 -1
37 37 0 0
38 38 0 3
39 39 0 -1
40 40 0 2
41 41 0 1
42 42 0 0
43 43 0 -1
44 44 0 1
45 45 0 0
46 46 0 -1
47 47 0 3
48 48 0 -3
49 49 0 -3
50 0 1 -3
51 1 1 2
52 2 1 -1
53 3 1 3
54 4 1 -1
55 5 1 -3
56 6 1 0
57 7 1 0
58 8 1 -3
59 9 1 0
60 10 1 0
61 11 1 0
62 12 1 0
63 13 1 -1
64 14 1 3
65 15 1 0
66 16 1 -1
67 17 1 0
68 18 1 1
69 19 1 3
70 20 1 1
71 21 1 1
72 22 1 0
73 23 1 2
74 24 1 1
75 25 1 0
76 26 1 -2
77 27 1 1
78 28 1 -3
79 29 1 3
80 30 1 -3
81 31 1 0
82 32 1 2
83 33 1 2
84 34 1 -3
85 35 1 -1
86 36 1 2
87 37 1 0
88 38 1 0
89 39 1 -3
90 40 1 1
91 41 1 1
92 42 1 0
93 43 1 0
94 44 1 2
95 45 1 3
96 46 1 -1
97 47 1 -1
98 48 1 1
99 49 1 -2
100 0 2 0
101 1 2 -3
102 2 2 -1
103 3 2 1
104 4 2 2
105 5 2 0
106 6 2 -1
107 7 2 3
108 8 2 -2
109 9 2 -1
110 10 2 1
111 11 2 2
112 12 2 -2
113 13 2 -3
114 14 2 -1
115 15 2 1
116 16 2 -3
117 17 2 2
118 18 2 0
119 19 2 0
120 20 2 2
121 21 2 0
122 22 2 1
123 23 2 3
124 24 2 -3
125 25 2 -1
126 26 2 1
127 27 2 0
128 28 2 2
129 29 2 -3
130 30 2 3
131 31 2 -1
132 32 2 3
133 33 2 -2
134 34 2 -2
135 35 2 0
136 36 2 1
137 37 2 2
138 38 2 -3
139 39 2 2
140 40 2 -3
141 41 2 -2
142 42 2 2
143 43 2 0
144 44 2 1
145 45 2 -3
146 46 2 -2
147 47 2 0
148 48 2 -2
149 49 2 1
150 0 3 -1
151 1 3 0
152 2 3 0
153 3 3 -2
154 4 3 1
155 5 3 -2
156 6 3 0
157 7 3 0
158 8 3 -1
159 9 3 -1
160 10 3 1
161 11 3 0
162 12 3 -3
163 13 3 3
164 14 3 3
165 15 3 2
166 16 3 0
167 17 3 0
168 18 3 0
169 19 3 0
170 20 3 -2
171 21 3 3
172 22 3 0
173 23 3 3
174 24 3 2
175 25 3 1
176 26 3 1
177 27 3 2
178 28 3 0
179 29 3 -3
180 30 3 -3
181 31 3 0
182 32 3 -3
183 33 3 -2
184 34 3 -2
185 35 3 0
186 36 3 1
187 37 3 -2
188 38 3 0
189 39 3 0
190 40 3 -3
191 41 3 -3
192 42 3 0
193 43 3 2
194 44 3 -3
195 45 3 -3
196 46 3 1
197 47 3 0
198 48 3 2
199 49 3 2
200 0 4 1
201 1 4 -3
202 2 4 -2
203 3 4 -2
204 4 4 0
205 5 4 3
206 6 4 0
207 7 4 0
208 8 4 -2
209 9 4 2
210 10 4 -2
211 11 4 3
212 12 4 -2
213 13 4 -2
214 14 4 0
215 15 4 -2
216 16 4 2
217 17 4 3
218 18 4 0
219 19 4 0
220 20 4 -1
221 21 4 -1
222 22 4 1
223 23 4 -1
224 24 4 1
225 25 4 0
226 26 4 1
227 27 4 0
228 28 4 -2
229 29 4 0
230 30 4 3
231 31 4 -1
232 32 4 3
233 33 4 -3
234 34 4 0
235 35 4 2
236 36 4 -3
237 37 4 0
238 38 4 0
239 39 4 1
240 40 4 0
241 41 4 0
242 42 4 -3
243 43 4 0
244 44 4 1
245 45 4 -2
246 46 4 1
247 47 4 -1
248 48 4 -2
249 49 4 -2
250 0 5 -2
251 1 5 -1
252 2 5 3
253 3 5 -2
254 4 5 0
255 5 5 1
256 6 5 -3
257 7 5 3
258 8 5 1
259 9 5 2
260 10 5 2
261 11 5 3
262 12 5 0
263 13 5 -3
264 14 5 -1
265 15 5 1
266 16 5 -1
267 17 5 2
268 18 5 0
269 19 5 1
270 20 5 1
271 21 5 -1
272 22 5 -2
273 23 5 -2
274 24 5 -3
275 25 5 3
276 26 5 0
277 27 5 0
278 28 5 -1
279 29 5 0
280 30 5 2
281 31 5 -3
282 32 5 -1
283 33 5 3
284 34 5 0
285 35 5 1
286 36 5 -3
287 37 5 0
288 38 5 0
289 39 5 -3
290 40 5 2
291 41 5 0
292 42 5 1
293 43 5 0
294 44 5 1
295 45 5 -3
296 46 5 -3
297 47 5 0
298 48 5 1
299 49 5 1
300 0 6 -3
301 1 6 0
302 2 6 3
303 3 6 0
304 4 6 0
305 5 6 -2
306 6 6 1
307 7 6 -2
308 8 6 0
309 9 6 -1
310 10 6 0
311 11 6 1
312 12 6 -3
313 13 6 2
314 14 6 -2
315 15 6 -2
316 16 6 2
317 17 6 0
318 18 6 -1
319 19 6 -1
320 20 6 0
321 21 6 -3
322 22 6 -1
323 23 6 0
324 24 6 -1
325 25 6 0
326 26 6 0
327 27 6 -2
328 28 6 2
329 29 6 2
330 30 6 3
331 31 6 -3
332 32 6 1
333 33 6 -2
334 34 6 -1
335 35 6 -1
336 36 6 0
337 37 6 1
338 38 6 -1
339 39 6 0
340 40 6 0
341 41 6 2
342 42 6 -1
343 43 6 1
344 44 6 0
345 45 6 -3
346 46 6 -1
347 47 6 -2
348 48 6 0
349 49 6 2
350 0 7 -1
351 1 7 -3
352 2 7 0
353 3 7 -1
354 4 7 -2
355 5 7 3
356 6 7 -3
##start
357 7 7 -3
358 8 7 2
359 9 7 2
360 10 7 1
361 11 7 0
362 12 7 -1
363 13 7 2
364 14 7 -2
365 15 7 2
366 16 7 0
367 17 7 1
368 18 7 2
369 19 7 -3
370 20 7 3
371 21 7 0
372 22 7 2
373 23 7 3
374 24 7 -3
375 25 7 -3
376 26 7 3
377 27 7 0
378 28 7 0
379 29 7 -2
380 30 7 2
381 31 7 -2
382 32 7 -2
383 33 7 0
384 34 7 3
385 35 7 -1
386 36 7 2
387 37 7 0
388 38 7 0
389 39 7 1
390 40 7 2
391 41 7 0
392 42 7 -2
393 43 7 -2
394 44 7 -2
395 45 7 -2
396 46 7 3
397 47 7 -3
398 48 7 -3
399 49 7 0
400 0 8 2
401 1 8 2
402 2 8 3
403 3 8 0
404 4 8 3
405 5 8 -3
406 6 8 0
407 7 8 -3
408 8 8 0
409 9 8 -1
410 10 8 1
411 11 8 -3
412 12 8 0
413 13 8 1
414 14 8 -2
415 15 8 1
416 16 8 2
417 17 8 -3
418 18 8 -1
419 19 8 0
420 20 8 1
421 21 8 0
422 22 8 -1
423 23 8 0
424 24 8 1
425 25 8 3
426 26 8 -1
427 27 8 3
428 28 8 3
429 29 8 -2
430 30 8 1
431 31 8 3
432 32 8 -2
433 33 8 2
434 34 8 0
435 35 8 0
436 36 8 1
437 37 8 1
438 38 8 2
439 39 8 0
440 40 8 3
441 41 8 2
442 42 8 1
443 43 8 -2
444 44 8 2
445 45 8 -1
446 46 8 -3
447 47 8 0
448 48 8 0
449 49 8 2
450 0 9 -2
451 1 9 -1
452 2 9 2
453 3 9 -2
454 4 9 2
455 5 9 -3
456 6 9 0
457 7 9 3
458 8 9 -2
459 9 9 3
460 10 9 0
461 11 9 -2
462 12 9 -1
463 13 9 -2
464 14 9 2
465 15 9 -2
466 16 9 -3
467 17 9 -1
468 18 9 -1
469 19 9 -2
470 20 9 -1
471 21 9 1
472 22 9 1
473 23 9 -1
474 24 9 0
475 25 9 -3
476 26 9 3
477 27 9 -1
478 28 9 2
479 29 9 -2
480 30 9 2
481 31 9 -3
482 32 9 0
483 33 9 0
484 34 9 -3
485 35 9 -2
486 36 9 -1
487 37 9 2
488 38 9 2
489 39 9 2
490 40 9 2
491 41 9 1
492 42 9 1
493 43 9 2
494 44 9 0
495 45 9 0
496 46 9 2
497 47 9 3
498 48 9 0
499 49 9 1
500 0 10 -2
501 1 10 0
502 2 10 -2
503 3 10 0
504 4 10 2
505 5 10 -2
506 6 10 3
507 7 10 -2
508 8 10 2
509 9 10 0
510 10 10 0
511 11 10 3
512 12 10 -1
513 13 10 0
514 14 10 1
515 15 10 -1
516 16 10 -2
517 17 10 -3
518 18 10 2
519 19 10 0
520 20 10 -3
521 21 10 0
522 22 10 -3
523 23 10 1
524 24 10 -3
525 25 10 1
526 26 10 -1
527 27 10 -2
528 28 10 1
529 29 10 1
530 30 10 0
531 31 10 3
532 32 10 3
533 33 10 -2
534 34 10 -1
535 35 10 0
536 36 10 3
537 37 10 0
538 38 10 -2
539 39 10 0
540 40 10 2
541 41 10 2
542 42 10 3
543 43 10 0
544 44 10 -2
545 45 10 -1
546 46 10 0
547 47 10 2
548 48 10 -2
549 49 10 0
550 0 11 -3
551 1 11 0
552 2 11 0
553 3 11 -1
554 4 11 -2
555 5 11 0
556 6 11 -2
557 7 11 2
558 8 11 -3
559 9 11 -2
560 10 11 0
561 11 11 -1
562 12 11 2
563 13 11 3
564 14 11 0
565 15 11 0
566 16 11 -3
567 17 11 0
568 18 11 1
569 19 11 1
570 20 11 0
571 21 11 -3
572 22 11 0
573 23 11 0
574 24 11 -1
575 25 11 1
576 26 11 3
577 27 11 -1
578 28 11 0
579 29 11 0
580 30 11 -3
581 31 11 1
582 32 11 -3
583 33 11 -2
584 34 11 1
585 35 11 -1
586 36 11 -2
587 37 11 -1
588 38 11 3
589 39 11 2
590 40 11 -2
591 41 11 -1
592 42 11 1
593 43 11 2
594 44 11 -2
595 45 11 -3
596 46 11 1
597 47 11 3
598 48 11 2
599 49 11 0
600 0 12 -3
601 1 12 3
602 2 12 -3
603 3 12 -1
604 4 12 -2
605 5 12 0
606 6 12 3
607 7 12 2
608 8 12 0
609 9 12 -1
610 10 12 0
611 11 12 3
612 12 12 2
613 13 12 1
614 14 12 -2
615 15 12 3
616 16 12 -3
617 17 12 2
618 18 12 -2
619 19 12 0
620 20 12 -2
621 21 12 3
622 22 12 1
623 23 12 -1
624 24 12 2
625 25 12 3
626 26 12 -2
627 27 12 2
628 28 12 1
629 29 12 3
630 30 12 1
631 31 12 3
632 32 12 1
633 33 12 -3
634 34 12 3
635 35 12 -2
636 36 12 2
637 37 12 -2
638 38 12 1
639 39 12 2
640 40 12 -1
641 41 12 -3
642 42 12 0
643 43 12 -2
644 44 12 1
645 45 12 3
646 46 12 -1
647 47 12 1
648 48 12 3
649 49 12 0
650 0 13 1
651 1 13 3
652 2 13 0
653 3 13 0
654 4 13 0
655 5 13 0
656 6 13 0
657 7 13 -2
658 8 13 1
659 9 13 0
660 10 13 3
661 11 13 -2
662 12 13 -2
663 13 13 2
664 14 13 2
665 15 13 2
666 16 13 -3
667 17 13 0
668 18 13 0
669 19 13 1
670 20 13 0
671 21 13 -1
672 22 13 2
673 23 13 1
674 24 13 -2
675 25 13 0
676 26 13 0
677 27 13 3
678 28 13 -2
679 29 13 0
680 30 13 0
681 31 13 1
682 32 13 1
683 33 13 -2
684 34 13 -2
685 35 13 -2
686 36 13 1
687 37 13 1
688 38 13 3
689 39 13 -3
690 40 13 0
691 41 13 1
692 42 13 0
693 43 13 0
694 44 13 0
695 45 13 3
696 46 13 -2
697 47 13 3
698 48 13 0
699 49 13 3
700 0 14 -1
701 1 14 2
702 2 14 -1
703 3 14 1
704 4 14 0
705 5 14 -1
706 6 14 2
707 7 14 0
708 8 14 -3
709 9 14 2
710 10 14 -1
711 11 14 2
712 12 14 2
713 13 14 3
714 14 14 2
715 15 14 2
716 16 14 -2
717 17 14 1
718 18 14 0
719 19 14 0
720 20 14 2
721 21 14 0
722 22 14 -2
723 23 14 -3
724 24 14 1
725 25 14 0
726 26 14 -3
727 27 14 2
728 28 14 0
729 29 14 2
730 30 14 -1
731 31 14 -2
732 32 14 -3
733 33 14 0
734 34 14 3
735 35 14 -3
736 36 14 3
737 37 14 -3
738 38 14 -2
739 39 14 1
740 40 14 -3
741 41 14 1
742 42 14 0
743 43 14 0
744 44 14 0
745 45 14 1
746 46 14 -3
747 47 14 -2
748 48 14 0
749 49 14 -1
750 0 15 1
751 1 15 3
752 2 15 0
753 3 15 3
754 4 15 1
755 5 15 0
756 6 15 -2
757 7 15 0
758 8 15 -2
759 9 15 -2
760 10 15 -2
761 11 15 -1
762 12 15 -2
763 13 15 -1
764 14 15 -2
765 15 15 1
766 16 15 -3
767 17 15 2
768 18 15 0
769 19 15 0
770 20 15 0
771 21 15 -1
772 22 15 0
773 23 15 2
774 24 15 -3
775 25 15 0
776 26 15 3
777 27 15 -3
778 28 15 -2
779 29 15 -2
780 30 15 3
781 31 15 3
782 32 15 -1
783 33 15 2
784 34 15 -3
785 35 15 -2
786 36 15 0
787 37 15 -3
788 38 15 -1
789 39 15 -3
790 40 15 3
791 41 15 0
792 42 15 2
793 43 15 -2
794 44 15 -2
795 45 15 -2
796 46 15 3
797 47 15 0
798 48 15 -2
799 49 15 2
800 0 16 1
801 1 16 0
802 2 16 1
803 3 16 -1
804 4 16 3
805 5 16 -2
806 6 16 0
807 7 16 0
808 8 16 2
809 9 16 0
810 10 16 0
811 11 16 0
812 12 16 -3
813 13 16 -2
814 14 16 0
815 15 16 1
816 16 16 1
817 17 16 0
818 18 16 -3
819 19 16 -2
820 20 16 -3
821 21 16 2
822 22 16 -3
823 23 16 1
824 24 16 2
825 25 16 0
826 26 16 3
827 27 16 1
828 28 16 1
829 29 16 0
830 30 16 -1
831 31 16 -3
832 32 16 1
833 33 16 -2
834 34 16 -1
835 35 16 -3
836 36 16 2
837 37 16 3
838 38 16 -1
839 39 16 3
840 40 16 0
841 41 16 -3
842 42 16 2
843 43 16 1
844 44 16 -3
845 45 16 0
846 46 16 -1
847 47 16 -3
848 48 16 -3
849 49 16 2
850 0 17 -3
851 1 17 2
852 2 17 0
853 3 17 3
854 4 17 0
855 5 17 0
856 6 17 1
857 7 17 2
858 8 17 -2
859 9 17 -1
860 10 17 0
861 11 17 -3
862 12 17 -1
863 13 17 0
864 14 17 0
865 15 17 -2
866 16 17 3
867 17 17 0
868 18 17 3
869 19 17 3
870 20 17 0
871 21 17 -2
872 22 17 3
873 23 17 -2
874 24 17 -1
875 25 17 -2
876 26 17 -2
877 27 17 -1
878 28 17 -3
879 29 17 0
880 30 17 -1
881 31 17 0
882 32 17 2
883 33 17 0
884 34 17 -1
885 35 17 0
886 36 17 1
887 37 17 -1
888 38 17 -1
889 39 17 3
890 40 17 0
891 41 17 0
892 42 17 0
893 43 17 -2
894 44 17 -3
895 45 17 2
896 46 17 0
897 47 17 -3
898 48 17 0
899 49 17 3
900 0 18 -1
901 1 18 2
902 2 18 3
903 3 18 0
904 4 18 -1
905 5 18 -1
906 6 18 -2
907 7 18 0
908 8 18 3
909 9 18 0
910 10 18 0
911 11 18 2
912 12 18 3
913 13 18 -2
914 14 18 0
915 15 18 -2
916 16 18 0
917 17 18 3
918 18 18 2
919 19 18 1
920 20 18 0
921 21 18 -1
922 22 18 3
923 23 18 -3
924 24 18 -3
925 25 18 3
926 26 18 2
927 27 18 0
928 28 18 0
929 29 18 2
930 30 18 0
931 31 18 3
932 32 18 0
933 33 18 1
934 34 18 -1
935 35 18 -1
936 36 18 2
937 37 18 -3
938 38 18 -1
939 39 18 -2
940 40 18 0
941 41 18 0
942 42 18 2
943 43 18 -1
944 44 18 1
945 45 18 0
946 46 18 -2
947 47 18 2
948 48 18 -3
949 49 18 2
950 0 19 -2
951 1 19 2
952 2 19 -3
953 3 19 0
954 4 19 0
955 5 19 0
956 6 19 -2
957 7 19 3
958 8 19 1
959 9 19 0
960 10 19 -3
961 11 19 -3
962 12 19 0
963 13 19 0
964 14 19 3
965 15 19 2
966 16 19 0
967 17 19 -2
968 18 19 3
969 19 19 2
970 20 19 0
971 21 19 1
972 22 19 0
973 23 19 1
974 24 19 0
975 25 19 3
976 26 19 0
977 27 19 0
978 28 19 2
979 29 19 1
980 30 19 1
981 31 19 -1
982 32 19 2
983 33 19 0
984 34 19 3
985 35 19 -1
986 36 19 2
987 37 19 2
988 38 19 0
989 39 19 1
990 40 19 0
991 41 19 0
992 42 19 1
993 43 19 3
994 44 19 -1
995 45 19 2
996 46 19 3
997 47 19 3
998 48 19 3
999 49 19 0
1000 0 20 0
1001 1 20 2
1002 2 20 0
1003 3 20 -1
1004 4 20 0
1005 5 20 -2
1006 6 20 -1
1007 7 20 -1
1008 8 20 -1
1009 9 20 -2
1010 10 20 -1
1011 11 20 -2
1012 12 20 -1
1013 13 20 3
1014 14 20 -3
1015 15 20 -1
1016 16 20 0
1017 17 20 3
1018 18 20 0
1019 19 20 3
1020 20 20 0
1021 21 20 2
1022 22 20 2
1023 23 20 -3
1024 24 20 0
1025 25 20 -3
1026 26 20 1
1027 27 20 3
1028 28 20 -2
1029 29 20 0
1030 30 20 0
1031 31 20 -2
1032 32 20 3
1033 33 20 0
1034 34 20 0
1035 35 20 2
1036 36 20 0
1037 37 20 -3
1038 38 20 2
1039 39 20 -3
1040 40 20 0
1041 41 20 -2
1042 42 20 -3
1043 43 20 -3
1044 44 20 2
1045 45 20 2
1046 46 20 0
1047 47 20 -1
1048 48 20 1
1049 49 20 1
1050 0 21 3
1051 1 21 -3
1052 2 21 2
1053 3 21 -1
1054 4 21 -1
1055 5 21 -1
1056 6 21 0
1057 7 21 0
1058 8 21 2
1059 9 21 1
1060 10 21 2
1061 11 21 -2
1062 12 21 -1
1063 13 21 -3
1064 14 21 3
1065 15 21 -1
1066 16 21 3
1067 17 21 0
1068 18 21 -3
1069 19 21 3
1070 20 21 2
1071 21 21 2
1072 22 21 0
1073 23 21 3
1074 24 21 2
1075 25 21 -2
1076 26 21 3
1077 27 21 -1
1078 28 21 -2
1079 29 21 3
1080 30 21 -1
1081 31 21 3
1082 32 21 -2
1083 33 21 -2
1084 34 21 0
1085 35 21 3
1086 36 21 -1
1087 37 21 1
1088 38 21 1
1089 39 21 -2
1090 40 21 -1
1091 41 21 -1
1092 42 21 -3
1093 43 21 3
1094 44 21 1
1095 45 21 0
1096 46 21 2
1097 47 21 0
1098 48 21 1
1099 49 21 -2
1100 0 22 0
1101 1 22 3
1102 2 22 -1
1103 3 22 2
1104 4 22 -1
1105 5 22 3
1106 6 22 2
1107 7 22 1
1108 8 22 0
1109 9 22 3
1110 10 22 -1
1111 11 22 2
1112 12 22 1
1113 13 22 -2
1114 14 22 -2
1115 15 22 -3
1116 16 22 0
1117 17 22 3
1118 18 22 -3
1119 19 22 2
1120 20 22 -3
1121 21 22 0
1122 22 22 -2
1123 23 22 0
1124 24 22 1
1125 25 22 3
1126 26 22 -2
1127 27 22 0
1128 28 22 -3
1129 29 22 0
1130 30 22 -2
1131 31 22 -1
1132 32 22 0
1133 33 22 -1
1134 34 22 0
1135 35 22 1
1136 36 22 0
1137 37 22 -2
1138 38 22 -3
1139 39 22 0
1140 40 22 0
1141 41 22 2
1142 42 22 1
1143 43 22 0
1144 44 22 2
1145 45 22 0
1146 46 22 3
1147 47 22 1
1148 48 22 -3
1149 49 22 1
1150 0 23 1
1151 1 23 -1
1152 2 23 2
1153 3 23 -3
1154 4 23 2
1155 5 23 -3
1156 6 23 0
1157 7 23 0
1158 8 23 3
1159 9 23 -3
1160 10 23 0
1161 11 23 -3
1162 12 23 -2
1163 13 23 0
1164 14 23 -2
1165 15 23 0
1166 16 23 -1
1167 17 23 0
1168 18 23 -2
1169 19 23 0
1170 20 23 0
1171 21 23 0
1172 22 23 3
1173 23 23 0
1174 24 23 0
1175 25 23 3
1176 26 23 1
1177 27 23 2
1178 28 23 1
1179 29 23 0
1180 30 23 0
1181 31 23 1
1182 32 23 1
1183 33 23 2
1184 34 23 -3
1185 35 23 1
1186 36 23 0
1187 37 23 3
1188 38 23 0
1189 39 23 3
1190 40 23 3
1191 41 23 0
1192 42 23 3
1193 43 23 0
1194 44 23 2
1195 45 23 -2
1196 46 23 2
1197 47 23 3
1198 48 23 3
1199 49 23 2
1200 0 24 0
1201 1 24 -1
1202 2 24 0
1203 3 24 0
1204 4 24 3
1205 5 24 1
1206 6 24 2
1207 7 24 0
1208 8 24 0
1209 9 24 2
1210 10 24 -3
1211 11 24 -2
1212 12 24 1
1213 13 24 0
1214 14 24 -2
1215 15 24 2
1216 16 24 0
1217 17 24 2
1218 18 24 -3
1219 19 24 -2
1220 20 24 -3
1221 21 24 0
1222 22 24 3
1223 23 24 0
1224 24 24 2
1225 25 24 0
1226 26 24 -2
1227 27 24 1
1228 28 24 0
1229 29 24 -3
1230 30 24 3
1231 31 24 3
1232 32 24 -3
1233 33 24 -3
1234 34 24 2
1235 35 24 -2
1236 36 24 -3
1237 37 24 -1
1238 38 24 0
1239 39 24 -3
1240 40 24 0
1241 41 24 1
1242 42 24 0
1243 43 24 0
1244 44 24 2
1245 45 24 2
1246 46 24 1
1247 47 24 0
1248 48 24 1
1249 49 24 -2
1250 0 25 3
1251 1 25 3
1252 2 25 3
1253 3 25 1
1254 4 25 -2
1255 5 25 3
1256 6 25 -2
1257 7 25 2
1258 8 25 2
1259 9 25 -2
1260 10 25 2
1261 11 25 -3
1262 12 25 -2
1263 13 25 3
1264 14 25 1
1265 15 25 2
1266 16 25 0
1267 17 25 0
1268 18 25 -2
1269 19 25 3
1270 20 25 -1
1271 21 25 0
1272 22 25 1
1273 23 25 2
1274 24 25 0
1275 25 25 -1
1276 26 25 2
1277 27 25 0
1278 28 25 -1
1279 29 25 0
1280 30 25 0
1281 31 25 0
1282 32 25 2
1283 33 25 -2
1284 34 25 3
1285 35 25 0
1286 36 25 2
1287 37 25 3
1288 38 25 0
1289 39 25 3
1290 40 25 -3
1291 41 25 0
1292 42 25 0
1293 43 25 0
1294 44 25 1
1295 45 25 3
1296 46 25 0
1297 47 25 -1
1298 48 25 3
1299 49 25 -1
1300 0 26 -2
1301 1 26 -3
1302 2 26 2
1303 3 26 -1
1304 4 26 -1
1305 5 26 -2
1306 6 26 0
1307 7 26 0
1308 8 26 0
1309 9 26 0
1310 10 26 1
1311 11 26 3
1312 12 26 -3
1313 13 26 1
1314 14 26 0
1315 15 26 -1
1316 16 26 0
1317 17 26 -3
1318 18 26 2
1319 19 26 -2
1320 20 26 0
1321 21 26 1
1322 22 26 -1
1323 23 26 0
1324 24 26 0
1325 25 26 1
1326 26 26 0
1327 27 26 3
1328 28 26 0
1329 29 26 0
1330 30 26 3
1331 31 26 -1
1332 32 26 -3
1333 33 26 1
1334 34 26 3
1335 35 26 3
1336 36 26 0
1337 37 26 -1
1338 38 26 0
1339 39 26 3
1340 40 26 -1
1341 41 26 -1
1342 42 26 -3
1343 43 26 -3
1344 44 26 3
1345 45 26 -3
1346 46 26 0
1347 47 26 0
1348 48 26 0
1349 49 26 1
1350 0 27 0
1351 1 27 -1
1352 2 27 0
1353 3 27 0
1354 4 27 2
1355 5 27 -1
1356 6 27 -3
1357 7 27 -2
1358 8 27 0
1359 9 27 2
1360 10 27 3
1361 11 27 2
1362 12 27 0
1363 13 27 -1
1364 14 27 0
1365 15 27 -3
1366 16 27 3
1367 17 27 -1
1368 18 27 0
1369 19 27 2
1370 20 27 -1
1371 21 27 -1
1372 22 27 -2
1373 23 27 2
1374 24 27 0
1375 25 27 0
1376 26 27 0
1377 27 27 -1
1378 28 27 1
1379 29 27 0
1380 30 27 -3
1381 31 27 0
1382 32 27 1
1383 33 27 3
1384 34 27 1
1385 35 27 3
1386 36 27 0
1387 37 27 0
1388 38 27 -3
1389 39 27 0
1390 40 27 2
1391 41 27 3
1392 42 27 0
1393 43 27 1
1394 44 27 3
1395 45 27 3
1396 46 27 -2
1397 47 27 -3
1398 48 27 -1
1399 49 27 -1
1400 0 28 3
1401 1 28 -1
1402 2 28 0
1403 3 28 1
1404 4 28 -3
1405 5 28 -1
1406 6 28 0
1407 7 28 0
1408 8 28 -2
1409 9 28 -2
1410 10 28 -2
1411 11 28 2
1412 12 28 1
1413 13 28 -3
1414 14 28 0
1415 15 28 -3
1416 16 28 3
1417 17 28 2
1418 18 28 2
1419 19 28 2
1420 20 28 1
1421 21 28 0
1422 22 28 0
1423 23 28 -3
1424 24 28 3
1425 25 28 1
1426 26 28 3
1427 27 28 3
1428 28 28 -3
1429 29 28 -2
1430 30 28 0
1431 31 28 0
1432 32 28 3
1433 33 28 1
1434 34 28 -1
1435 35 28 0
1436 36 28 0
1437 37 28 3
1438 38 28 -3
1439 39 28 -2
1440 40 28 -2
1441 41 28 2
1442 42 28 0
1443 43 28 1
1444 44 28 0
1445 45 28 0
1446 46 28 0
1447 47 28 -2
1448 48 28 3
1449 49 28 0
1450 0 29 3
1451 1 29 3
1452 2 29 2
1453 3 29 -2
1454 4 29 3
1455 5 29 1
1456 6 29 -2
1457 7 29 0
1458 8 29 0
1459 9 29 -3
1460 10 29 0
1461 11 29 -1
1462 12 29 -1
1463 13 29 -2
1464 14 29 2
1465 15 29 3
1466 16 29 -1
1467 17 29 2
1468 18 29 0
1469 19 29 1
1470 20 29 1
1471 21 29 2
1472 22 29 2
1473 23 29 -2
1474 24 29 1
1475 25 29 0
1476 26 29 0
1477 27 29 -1
1478 28 29 -2
1479 29 29 0
1480 30 29 3
1481 31 29 3
1482 32 29 3
1483 33 29 0
1484 34 29 0
1485 35 29 3
1486 36 29 2
1487 37 29 1
1488 38 29 -3
1489 39 29 3
1490 40 29 0
1491 41 29 0
1492 42 29 0
1493 43 29 0
1494 44 29 3
1495 45 29 -1
1496 46 29 -2
1497 47 29 3
1498 48 29 -1
1499 49 29 0
1500 0 30 2
1501 1 30 -2
1502 2 30 -3
1503 3 30 -1
1504 4 30 0
1505 5 30 2
1506 6 30 -2
1507 7 30 0
1508 8 30 1
1509 9 30 -1
1510 10 30 0
1511 11 30 -2
1512 12 30 3
1513 13 30 3
1514 14 30 2
1515 15 30 -3
1516 16 30 2
1517 17 30 -2
1518 18 30 2
1519 19 30 1
1520 20 30 3
1521 21 30 3
1522 22 30 -1
1523 23 30 -3
1524 24 30 0
1525 25 30 -2
1526 26 30 -2
1527 27 30 -3
1528 28 30 -3
1529 29 30 2
1530 30 30 0
1531 31 30 1
1532 32 30 -2
1533 33 30 -3
1534 34 30 2
1535 35 30 -3
1536 36 30 0
1537 37 30 0
1538 38 30 0
1539 39 30 0
1540 40 30 2
1541 41 30 0
1542 42 30 -1
1543 43 30 -2
1544 44 30 3
1545 45 30 0
1546 46 30 1
1547 47 30 1
1548 48 30 3
1549 49 30 2
1550 0 31 0
1551 1 31 3
1552 2 31 0
1553 3 31 -1
1554 4 31 -2
1555 5 31 0
1556 6 31 -3
1557 7 31 0
1558 8 31 0
1559 9 31 0
1560 10 31 2
1561 11 31 3
1562 12 31 0
1563 13 31 3
1564 14 31 0
1565 15 31 2
1566 16 31 0
1567 17 31 -1
1568 18 31 -1
1569 19 31 -2
1570 20 31 0
1571 21 31 2
1572 22 31 0
1573 23 31 -1
1574 24 31 2
1575 25 31 1
1576 26 31 -1
1577 27 31 3
1578 28 31 0
1579 29 31 -3
1580 30 31 -1
1581 31 31 2
1582 32 31 3
1583 33 31 0
1584 34 31 1
1585 35 31 -3
1586 36 31 -1
1587 37 31 0
1588 38 31 0
1589 39 31 -2
1590 40 31 1
1591 41 31 -3
1592 42 31 0
1593 43 31 1
1594 44 31 -2
1595 45 31 1
1596 46 31 1
1597 47 31 0
1598 48 31 -3
1599 49 31 1
1600 0 32 0
1601 1 32 0
1602 2 32 3
1603 3 32 -1
1604 4 32 0
1605 5 32 -1
1606 6 32 3
1607 7 32 1
1608 8 32 2
1609 9 32 0
1610 10 32 -1
1611 11 32 0
1612 12 32 -3
1613 13 32 0
1614 14 32 -2
1615 15 32 0
1616 16 32 1
1617 17 32 0
1618 18 32 -1
1619 19 32 2
1620 20 32 2
1621 21 32 0
1622 22 32 3
1623 23 32 0
1624 24 32 1
1625 25 32 -2
1626 26 32 0
1627 27 32 -3
1628 28 32 2
1629 29 32 2
1630 30 32 0
1631 31 32 3
1632 32 32 3
1633 33 32 -1
1634 34 32 -2
1635 35 32 -3
1636 36 32 -2
1637 37 32 -3
1638 38 32 0
1639 39 32 2
1640 40 32 2
1641 41 32 -1
1642 42 32 3
1643 43 32 -2
1644 44 32 0
1645 45 32 0
1646 46 32 -1
1647 47 32 -1
1648 48 32 0
1649 49 32 0
1650 0 33 2
1651 1 33 0
1652 2 33 -2
1653 3 33 -2
1654 4 33 0
1655 5 33 0
1656 6 33 0
1657 7 33 2
1658 8 33 -1
1659 9 33 2
1660 10 33 3
1661 11 33 1
1662 12 33 -3
1663 13 33 2
1664 14 33 1
1665 15 33 -1
1666 16 33 0
1667 17 33 -1
1668 18 33 2
1669 19 33 0
1670 20 33 -2
1671 21 33 -2
1672 22 33 -2
1673 23 33 0
1674 24 33 -1
1675 25 33 2
1676 26 33 3
1677 27 33 0
1678 28 33 3
1679 29 33 0
1680 30 33 1
1681 31 33 0
1682 32 33 2
1683 33 33 -3
1684 34 33 0
1685 35 33 1
1686 36 33 -3
1687 37 33 2
1688 38 33 1
1689 39 33 -3
1690 40 33 2
1691 41 33 -1
1692 42 33 2
1693 43 33 -3
1694 44 33 0
1695 45 33 1
1696 46 33 -1
1697 47 33 0
1698 48 33 2
1699 49 33 -1
1700 0 34 3
1701 1 34 -3
1702 2 34 -3
1703 3 34 -3
1704 4 34 2
1705 5 34 0
1706 6 34 3
1707 7 34 0
1708 8 34 2
1709 9 34 2
1710 10 34 0
1711 11 34 -1
1712 12 34 0
1713 13 34 -3
1714 14 34 0
1715 15 34 3
1716 16 34 -1
1717 17 34 0
1718 18 34 3
1719 19 34 0
1720 20 34 0
1721 21 34 -2
1722 22 34 0
1723 23 34 3
1724 24 34 -1
1725 25 34 -2
1726 26 34 -1
1727 27 34 -2
1728 28 34 -3
1729 29 34 0
1730 30 34 -3
1731 31 34 0
1732 32 34 0
1733 33 34 0
1734 34 34 0
1735 35 34 0
1736 36 34 -2
1737 37 34 0
1738 38 34 2
1739 39 34 -2
1740 40 34 3
1741 41 34 0
1742 42 34 1
1743 43 34 0
1744 44 34 3
1745 45 34 2
1746 46 34 0
1747 47 34 0
1748 48 34 -1
1749 49 34 0
1750 0 35 -1
1751 1 35 1
1752 2 35 0
1753 3 35 1
1754 4 35 0
1755 5 35 2
1756 6 35 3
1757 7 35 -3
1758 8 35 0
1759 9 35 -3
1760 10 35 2
1761 11 35 -3
1762 12 35 -3
1763 13 35 2
1764 14 35 -1
1765 15 35 -1
1766 16 35 0
1767 17 35 3
1768 18 35 1
1769 19 35 0
1770 20 35 3
1771 21 35 -2
1772 22 35 -2
1773 23 35 2
1774 24 35 -3
1775 25 35 3
1776 26 35 0
1777 27 35 3
1778 28 35 2
1779 29 35 -2
1780 30 35 -1
1781 31 35 -1
1782 32 35 -1
1783 33 35 2
1784 34 35 1
1785 35 35 0
1786 36 35 1
1787 37 35 0
1788 38 35 3
1789 39 35 -3
1790 40 35 0
1791 41 35 -1
1792 42 35 1
1793 43 35 3
1794 44 35 3
1795 45 35 -1
1796 46 35 0
1797 47 35 1
1798 48 35 3
1799 49 35 0
1800 0 36 3
1801 1 36 -1
1802 2 36 -3
1803 3 36 0
1804 4 36 2
1805 5 36 1
1806 6 36 3
1807 7 36 0
1808 8 36 -3
1809 9 36 0
1810 10 36 3
1811 11 36 0
1812 12 36 0
1813 13 36 2
1814 14 36 -3
1815 15 36 0
1816 16 36 -3
1817 17 36 1
1818 18 36 3
1819 19 36 0
1820 20 36 3
1821 21 36 0
1822 22 36 0
1823 23 36 1
1824 24 36 3
1825 25 36 -3
1826 26 36 1
1827 27 36 3
1828 28 36 2
1829 29 36 3
1830 30 36 -3
1831 31 36 2
1832 32 36 -1
1833 33 36 -2
1834 34 36 2
1835 35 36 -2
1836 36 36 0
1837 37 36 1
1838 38 36 -2
1839 39 36 1
1840 40 36 -1
1841 41 36 0
1842 42 36 0
1843 43 36 1
1844 44 36 0
1845 45 36 -2
1846 46 36 -3
1847 47 36 0
1848 48 36 -1
1849 49 36 -3
1850 0 37 -2
1851 1 37 1
1852 2 37 3
1853 3 37 2
1854 4 37 3
1855 5 37 1
1856 6 37 -3
1857 7 37 1
1858 8 37 0
1859 9 37 -3
1860 10 37 3
1861 11 37 1
1862 12 37 0
1863 13 37 -1
1864 14 37 -3
1865 15 37 -1
1866 16 37 0
1867 17 37 3
1868 18 37 -3
1869 19 37 0
1870 20 37 3
1871 21 37 0
1872 22 37 1
1873 23 37 2
1874 24 37 -2
1875 25 37 -3
1876 26 37 -3
1877 27 37 2
1878 28 37 -1
1879 29 37 3
1880 30 37 1
1881 31 37 1
1882 32 37 -1
1883 33 37 0
1884 34 37 -2
1885 35 37 -3
1886 36 37 -1
1887 37 37 -2
1888 38 37 -3
1889 39 37 1
1890 40 37 0
1891 41 37 0
1892 42 37 3
1893 43 37 0
1894 44 37 -2
1895 45 37 0
1896 46 37 3
1897 47 37 1
1898 48 37 0
1899 49 37 1
1900 0 38 2
1901 1 38 -2
1902 2 38 -3
1903 3 38 -1
1904 4 38 1
1905 5 38 0
1906 6 38 2
1907 7 38 -2
1908 8 38 -3
1909 9 38 0
1910 10 38 -2
1911 11 38 0
1912 12 38 2
1913 13 38 -2
1914 14 38 -2
1915 15 38 0
1916 16 38 -2
1917 17 38 -3
1918 18 38 -1
1919 19 38 2
1920 20 38 0
1921 21 38 0
1922 22 38 3
1923 23 38 3
1924 24 38 2
1925 25 38 -2
1926 26 38 1
1927 27 38 1
1928 28 38 2
1929 29 38 0
1930 30 38 -3
1931 31 38 -1
1932 32 38 0
1933 33 38 1
1934 34 38 3
1935 35 38 1
1936 36 38 -3
1937 37 38 1
1938 38 38 0
1939 39 38 3
1940 40 38 1
1941 41 38 0
1942 42 38 1
1943 43 38 1
1944 44 38 3
1945 45 38 0
1946 46 38 2
1947 47 38 2
1948 48 38 0
1949 49 38 2
1950 0 39 0
1951 1 39 0
1952 2 39 0
1953 3 39 2
1954 4 39 3
1955 5 39 -3
1956 6 39 0
1957 7 39 -2
1958 8 39 -1
1959 9 39 1
1960 10 39 0
1961 11 39 1
1962 12 39 -1
1963 13 39 2
1964 14 39 -3
1965 15 39 -3
1966 16 39 0
1967 17 39 0
1968 18 39 0
1969 19 39 2
1970 20 39 3
1971 21 39 -3
1972 22 39 0
1973 23 39 0
1974 24 39 2
1975 25 39 -3
1976 26 39 1
1977 27 39 0
1978 28 39 1
1979 29 39 -1
1980 30 39 0
1981 31 39 0
1982 32 39 -2
1983 33 39 2
1984 34 39 1
1985 35 39 3
1986 36 39 1
1987 37 39 -1
1988 38 39 -3
1989 39 39 3
1990 40 39 0
1991 41 39 0
1992 42 39 0
1993 43 39 -2
1994 44 39 -1
1995 45 39 0
1996 46 39 -1
1997 47 39 -3
1998 48 39 1
1999 49 39 -1
2000 0 40 2
2001 1 40 1
2002 2 40 1
2003 3 40 3
2004 4 40 3
2005 5 40 0
2006 6 40 1
2007 7 40 -1
2008 8 40 -2
2009 9 40 3
2010 10 40 2
2011 11 40 -3
2012 12 40 -3
2013 13 40 -1
2014 14 40 1
2015 15 40 -1
2016 16 40 0
2017 17 40 -2
2018 18 40 3
2019 19 40 2
2020 20 40 1
2021 21 40 3
2022 22 40 3
2023 23 40 2
2024 24 40 2
2025 25 40 0
2026 26 40 -1
2027 27 40 1
2028 28 40 0
2029 29 40 0
2030 30 40 0
2031 31 40 -1
2032 32 40 0
2033 33 40 -2
2034 34 40 0
2035 35 40 1
2036 36 40 0
2037 37 40 3
2038 38 40 -3
2039 39 40 -1
2040 40 40 1
2041 41 40 -3
2042 42 40 0
2043 43 40 1
2044 44 40 2
2045 45 40 3
2046 46 40 2
2047 47 40 -2
2048 48 40 1
2049 49 40 -2
2050 0 41 -1
2051 1 41 -3
2052 2 41 1
2053 3 41 -2
2054 4 41 0
2055 5 41 -3
2056 6 41 2
2057 7 41 -3
2058 8 41 -2
2059 9 41 -1
2060 10 41 -1
2061 11 41 0
2062 12 41 0
2063 13 41 1
2064 14 41 -1
2065 15 41 3
2066 16 41 2
2067 17 41 2
2068 18 41 1
2069 19 41 3
2070 20 41 2
2071 21 41 0
2072 22 41 1
2073 23 41 2
2074 24 41 -2
2075 25 41 -2
2076 26 41 -2
2077 27 41 1
2078 28 41 -1
2079 29 41 0
2080 30 41 3
2081 31 41 3
2082 32 41 2
2083 33 41 -3
2084 34 41 -1
2085 35 41 2
2086 36 41 3
2087 37 41 -1
2088 38 41 2
2089 39 41 -2
2090 40 41 3
2091 41 41 3
2092 42 41 3
2093 43 41 -2
2094 44 41 0
2095 45 41 2
2096 46 41 -1
2097 47 41 3
2098 48 41 2
2099 49 41 2
2100 0 42 -2
2101 1 42 1
2102 2 42 1
2103 3 42 -1
2104 4 42 -1
2105 5 42 0
2106 6 42 0
2107 7 42 -1
2108 8 42 1
2109 9 42 1
2110 10 42 0
2111 11 42 1
2112 12 42 3
2113 13 42 0
2114 14 42 0
2115 15 42 1
2116 16 42 1
2117 17 42 1
2118 18 42 0
2119 19 42 -2
2120 20 42 -3
2121 21 42 -3
2122 22 42 -2
2123 23 42 -2
2124 24 42 -3
2125 25 42 -3
2126 26 42 2
2127 27 42 3
2128 28 42 2
2129 29 42 1
2130 30 42 2
2131 31 42 -1
2132 32 42 1
2133 33 42 -3
2134 34 42 -2
2135 35 42 2
2136 36 42 0
2137 37 42 2
2138 38 42 -2
2139 39 42 0
2140 40 42 1
2141 41 42 -1
2142 42 42 1
2143 43 42 -2
2144 44 42 -3
2145 45 42 0
2146 46 42 -2
2147 47 42 -3
2148 48 42 1
2149 49 42 1
2150 0 43 0
2151 1 43 -1
2152 2 43 2
2153 3 43 1
2154 4 43 2
2155 5 43 0
2156 6 43 -1
2157 7 43 1
2158 8 43 0
2159 9 43 -2
2160 10 43 -2
2161 11 43 -1
2162 12 43 3
2163 13 43 -2
2164 14 43 2
2165 15 43 0
2166 16 43 -1
2167 17 43 1
2168 18 43 0
2169 19 43 1
2170 20 43 1
2171 21 43 0
2172 22 43 -3
2173 23 43 -3
2174 24 43 -1
2175 25 43 3
2176 26 43 3
2177 27 43 -1
2178 28 43 1
2179 29 43 0
2180 30 43 2
2181 31 43 0
2182 32 43 -3
2183 33 43 0
2184 34 43 -1
2185 35 43 0
2186 36 43 1
2187 37 43 3
2188 38 43 3
2189 39 43 -3
2190 40 43 -1
2191 41 43 0
2192 42 43 1
##end
2193 43 43 3
2194 44 43 1
2195 45 43 -3
2196 46 43 0
2197 47 43 -2
2198 48 43 -2
2199 49 43 -3
2200 0 44 3
2201 1 44 2
2202 2 44 0
2203 3 44 -1
2204 4 44 2
2205 5 44 2
2206 6 44 0
2207 7 44 1
2208 8 44 -3
2209 9 44 2
2210 10 44 1
2211 11 44 1
2212 12 44 0
2213 13 44 3
2214 14 44 3
2215 15 44 -3
2216 16 44 0
2217 17 44 2
2218 18 44 2
2219 19 44 -3
2220 20 44 1
2221 21 44 -3
2222 22 44 3
2223 23 44 0
2224 24 44 -1
2225 25 44 -1
2226 26 44 0
2227 27 44 0
2228 28 44 -3
2229 29 44 1
2230 30 44 0
2231 31 44 -1
2232 32 44 3
2233 33 44 0
2234 34 44 2
2235 35 44 -3
2236 36 44 -2
2237 37 44 0
2238 38 44 -2
2239 39 44 1
2240 40 44 1
2241 41 44 -1
2242 42 44 0
2243 43 44 -3
2244 44 44 -1
2245 45 44 1
2246 46 44 2
2247 47 44 0
2248 48 44 2
2249 49 44 1
2250 0 45 0
2251 1 45 0
2252 2 45 3
2253 3 45 2
2254 4 45 1
2255 5 45 -2
2256 6 45 3
2257 7 45 0
2258 8 45 3
2259 9 45 -1
2260 10 45 2
2261 11 45 -3
2262 12 45 0
2263 13 45 2
2264 14 45 0
2265 15 45 1
2266 16 45 1
2267 17 45 2
2268 18 45 2
2269 19 45 0
2270 20 45 -2
2271 21 45 0
2272 22 45 2
2273 23 45 2
2274 24 45 -3
2275 25 45 -3
2276 26 45 3
2277 27 45 -3
2278 28 45 0
2279 29 45 0
2280 30 45 0
2281 31 45 2
2282 32 45 -3
2283 33 45 2
2284 34 45 0
2285 35 45 0
2286 36 45 -1
2287 37 45 -3
2288 38 45 2
2289 39 45 -2
2290 40 45 2
2291 41 45 -3
2292 42 45 -2
2293 43 45 -3
2294 44 45 1
2295 45 45 -3
2296 46 45 3
2297 47 45 -3
2298 48 45 2
2299 49 45 0
2300 0 46 0
2301 1 46 2
2302 2 46 -3
2303 3 46 -1
2304 4 46 3
2305 5 46 0
2306 6 46 -2
2307 7 46 2
2308 8 46 -3
2309 9 46 3
2310 10 46 3
2311 11 46 0
2312 12 46 1
2313 13 46 1
2314 14 46 -3
2315 15 46 0
2316 16 46 0
2317 17 46 -3
2318 18 46 1
2319 19 46 -1
2320 20 46 -1
2321 21 46 -3
2322 22 46 3
2323 23 46 1
2324 24 46 3
2325 25 46 0
2326 26 46 -1
2327 27 46 0
2328 28 46 3
2329 29 46 -1
2330 30 46 3
2331 31 46 0
2332 32 46 -3
2333 33 46 0
2334 34 46 3
2335 35 46 3
2336 36 46 -2
2337 37 46 0
2338 38 46 -3
2339 39 46 2
2340 40 46 0
2341 41 46 -2
2342 42 46 3
2343 43 46 -2
2344 44 46 3
2345 45 46 3
2346 46 46 -1
2347 47 46 -2
2348 48 46 3
2349 49 46 -2
2350 0 47 -3
2351 1 47 -3
2352 2 47 1
2353 3 47 0
2354 4 47 -1
2355 5 47 -3
2356 6 47 1
2357 7 47 3
2358 8 47 3
2359 9 47 0
2360 10 47 -1
2361 11 47 3
2362 12 47 2
2363 13 47 -2
2364 14 47 1
2365 15 47 -2
2366 16 47 -3
2367 17 47 3
2368 18 47 0
2369 19 47 -2
2370 20 47 0
2371 21 47 -3
2372 22 47 0
2373 23 47 0
2374 24 47 1
2375 25 47 2
2376 26 47 2
2377 27 47 0
2378 28 47 -3
2379 29 47 -3
2380 30 47 0
2381 31 47 0
2382 32 47 2
2383 33 47 -1
2384 34 47 3
2385 35 47 3
2386 36 47 -1
2387 37 47 3
2388 38 47 -3
2389 39 47 0
2390 40 47 -2
2391 41 47 2
2392 42 47 2
2393 43 47 3
2394 44 47 -1
2395 45 47 1
2396 46 47 1
2397 47 47 0
2398 48 47 -3
2399 49 47 -2
2400 0 48 -2
2401 1 48 -3
2402 2 48 0
2403 3 48 0
2404 4 48 1
2405 5 48 0
2406 6 48 -3
2407 7 48 -2
2408 8 48 -2
2409 9 48 -3
2410 10 48 -2
2411 11 48 1
2412 12 48 3
2413 13 48 2
2414 14 48 -2
2415 15 48 3
2416 16 48 0
2417 17 48 0
2418 18 48 -2
2419 19 48 2
2420 20 48 -1
2421 21 48 2
2422 22 48 1
2423 23 48 0
2424 24 48 -2
2425 25 48 3
2426 26 48 -2
2427 27 48 -2
2428 28 48 -1
2429 29 48 -1
2430 30 48 1
2431 31 48 1
2432 32 48 0
2433 33 48 1
2434 34 48 0
2435 35 48 1
2436 36 48 0
2437 37 48 -3
2438 38 48 -2
2439 39 48 1
2440 40 48 0
2441 41 48 1
2442 42 48 3
2443 43 48 2
2444 44 48 3
2445 45 48 -3
2446 46 48 2
2447 47 48 0
2448 48 48 0
2449 49 48 1
2450 0 49 1
2451 1 49 -2
2452 2 49 -3
2453 3 49 -1
2454 4 49 2
2455 5 49 -3
2456 6 49 -1
2457 7 49 0
2458 8 49 1
2459 9 49 3
2460 10 49 -3
2461 11 49 -3
2462 12 49 0
2463 13 49 -1
2464 14 49 0
2465 15 49 0
2466 16 49 2
2467 17 49 2
2468 18 49 -1
2469 19 49 3
2470 20 49 0
2471 21 49 2
2472 22 49 3
2473 23 49 1
2474 24 49 1
2475 25 49 1
2476 26 49 -2
2477 27 49 -1
2478 28 49 1
2479 29 49 -2
2480 30 49 1
2481 31 49 -1
2482 32 49 -1
2483 33 49 -1
2484 34 49 2
2485 35 49 -3
2486 36 49 -2
2487 37 49 1
2488 38 49 -2
2489 39 49 1
2490 40 49 0
2491 41 49 0
2492 42 49 2
2493 43 49 -3
2494 44 49 0
2495 45 49 -1
2496 46 49 2
2497 47 49 -2
2498 48 49 -2
2499 49 49 -1
1482-1483
2204-2205
2404-2405
1576-1577
530-531
1246-1247
1374-1424
735-736
1503-1504
1969-1970
2384-2385
468-469
692-693
384-434
610-660
1122-1172
793-794
2387-2437
577-627
246-296
724-774
2102-2152
931-932
1443-1444
1829-1830
363-413
767-817
911-961
1641-1642
882-883
619-620
1131-1132
1591-1592
529-530
2081-2082
1717-1718
263-313
1991-2041
198-248
676-726
966-1016
1444-1494
1668-1718
719-720
1880-1930
2373-2374
114-164
1756-1806
989-1039
150-200
1878-1928
2326-2376
103-104
106-156
1466-1516
1763-1764
1214-1215
382-432
1858-1859
1621-1622
99-149
867-917
1017-1018
68-118
37-87
1765-1815
536-586
1304-1354
1206-1207
1974-1975
2122-2123
1597-1598
1712-1762
226-227
524-574
850-851
1198-1199
1822-1823
2402-2403
13-63
1535-1536
2047-2048
753-754
2080-2130
2370-2420
87-137
567-617
1079-1129
2263-2313
1205-1255
376-426
1848-1898
2232-2282
489-539
644-645
1412-1413
2319-2369
1019-1069
1001-1002
1513-1514
638-639
252-302
508-558
1020-1070
1724-1774
2193-2194
821-822
259-309
1475-1525
2340-2390
71-72
515-516
1178-1228
1731-1732
2383-2384
1625-1675
650-651
886-887
1162-1163
1398-1399
2354-2404
1007-1057
1711-1761
2440-2441
1310-1360
2141-2191
447-448
1439-1440
404-405
1644-1645
985-986
1396-1446
629-679
2346-2396
1065-1115
861-862
2021-2022
2492-2493
1680-1730
43-93
1417-1418
2363-2413
194-195
1598-1648
2093-2143
19-20
1747-1748
97-98
154-155
870-871
935-985
1447-1497
2425-2426
902-952
2054-2104
251-252
714-764
1226-1276
2427-2428
189-190
957-958
395-445
146-147
606-607
914-915
1692-1742
2175-2176
1120-1121
2225-2226
2132-2133
2476-2477
1218-1268
1696-1746
2402-2452
822-872
1334-1384
2459-2460
252-253
592-642
1104-1154
1679-1729
2217-2218
1650-1651
462-512
2446-2447
235-236
1207-1208
1651-1652
2411-2412
256-257
173-174
373-374
941-942
728-778
1096-1146
2329-2379
1989-1990
1883-1933
604-654
1372-1422
65-66
236-237
96-146
576-626
759-809
1271-1321
2272-2322
2419-2469
726-776
219-220
623-624
682-732
1194-1244
1983-2033
457-458
2111-2161
958-1008
1470-1520
1355-1356
1815-1816
934-935
333-334
2005-2006
675-725
1048-1049
1816-1817
2264-2265
2276-2326
2491-2492
2266-2316
220-221
2076-2077
560-610
1072-1122
2161-2211
1618-1619
2018-2019
2078-2079
2316-2366
2478-2479
607-608
480-481
1552-1553
2256-2257
1506-1556
183-233
921-922
118-168
852-902
341-391
1064-1114
1464-1514
1257-1307
1957-1958
895-945
1407-1457
510-511
572-622
1340-1390
1133-1183
2429-2479
1589-1590
391-441
70-120
548-598
1540-1590
591-592
538-588
2307-2308
266-267
502-503
754-804
1522-1572
223-273
1951-2001
2143-2193
46-96
926-976
1438-1488
2082-2132
1303-1353
56-57
756-806
1716-1766
2287-2288
2298-2348
477-478
2108-2109
1086-1087
1986-1987
2366-2416
813-863
151-152
1325-1375
48-49
448-449
486-487
1190-1240
1670-1720
1125-1175
1893-1943
1432-1482
2121-2171
1078-1079
1636-1637
2460-2461
40-41
478-479
1570-1571
1101-1151
625-626
774-775
1274-1275
2092-2093
2099-2149
1985-2035
2113-2163
2260-2310
1077-1127
2211-2212
293-294
516-517
976-1026
2384-2434
2303-2353
2447-2497
654-655
14-64
1266-1267
1742-1792
2027-2028
2487-2488
1569-1570
1461-1462
131-181
2212-2262
2245-2295
2063-2064
200-250
1753-1803
278-279
1770-1771
2198-2199
731-781
1499-1549
2252-2302
454-455
756-757
1292-1293
192-242
277-327
2197-2247
1146-1196
1808-1858
831-881
1343-1393
66-67
446-447
1107-1108
1675-1676
1875-1876
1242-1243
1702-1703
2394-2395
85-86
853-854
291-341
2297-2298
2403-2453
1083-1084
1544-1594
1801-1851
438-439
61-62
740-741
1308-1309
176-226
881-931
1234-1235
238-288
1564-1614
1838-1839
2386-2387
2289-2290
578-628
1090-1140
1824-1874
1975-2025
1537-1587
1428-1478
437-487
679-680
168-218
1384-1434
2344-2394
124-125
413-414
892-893
2027-2077
2089-2090
2129-2179
444-494
1260-1310
1516-1566
1005-1055
1579-1580
2029-2079
2227-2228
384-385
45-46
501-502
1261-1262
2357-2358
1862-1912
410-460
2166-2167
901-902
562-612
799-849
1311-1361
2015-2065
305-355
2397-2447
1055-1056
1921-1922
1210-1211
108-109
876-877
1625-1626
564-614
1076-1126
91-92
1767-1768
297-347
229-230
2141-2142
144-194
571-621
2185-2186
2347-2397
846-847
1202-1203
267-268
1483-1484
1943-1944
2150-2151
2458-2459
405-406
1677-1678
103-153
1063-1113
1944-1945
2136-2137
2279-2329
550-600
2438-2488
1915-1916
136-186
2394-2444
714-715
1226-1227
1706-1707
2390-2391
92-93
860-861
2493-2494
1352-1353
1832-1833
2248-2249
1186-1187
412-462
1646-1647
1954-1955
2142-2143
2188-2238
2450-2451
2128-2129
390-391
634-635
2388-2389
1228-1229
1708-1709
128-178
1747-1797
1784-1785
833-883
1345-1395
980-1030
107-157
1535-1585
1705-1706
2047-2097
273-323
1358-1408
1847-1848
1520-1521
2477-2478
519-520
1112-1162
1735-1736
2179-2180
618-619
197-198
882-932
539-589
520-521
1512-1513
1612-1662
2140-2190
1245-1295
1431-1481
918-968
1110-1160
2070-2120
871-872
1210-1260
2159-2160
2426-2476
697-747
210-260
447-497
585-586
2238-2288
23-24
1751-1752
602-603
280-281
1752-1753
805-855
649-699
1417-1467
1853-1854
1968-2018
2146-2147
478-528
1804-1854
272-273
1488-1489
1568-1569
855-905
897-947
2132-2182
2422-2472
687-688
120-170
744-794
1080-1130
165-166
2175-2225
1282-1283
620-670
1580-1630
2172-2222
365-415
1195-1196
1655-1656
1963-1964
3-53
1219-1269
742-792
2084-2134
839-840
1795-1796
665-715
1881-1931
415-465
1263-1313
1631-1681
2184-2185
1054-1104
1454-1504
191-192
671-672
1183-1184
884-885
1164-1165
1314-1364
1794-1844
1683-1733
1241-1242
2209-2259
180-230
948-998
611-612
1596-1597
1936-1986
187-237
955-1005
1341-1391
787-788
1547-1548
2003-2004
576-577
721-722
1456-1457
2074-2075
525-526
2169-2170
357-407
2171-2172
602-652
457-507
668-669
868-869
1180-1181
1380-1381
1661-1662
1355-1405
1448-1449
290-291
110-160
878-928
1006-1007
333-383
672-673
2161-2162
588-589
1324-1325
1748-1749
1952-2002
2146-2196
595-645
1363-1413
1587-1637
449-499
1819-1820
1020-1021
1422-1472
1907-1908
2155-2156
1133-1134
2229-2230
1477-1527
579-580
1295-1296
1496-1546
217-267
985-1035
1650-1700
155-205
923-973
2267-2317
433-483
1996-2046
1309-1359
1004-1005
864-914
1856-1906
1527-1577
2163-2213
1494-1544
1685-1735
879-880
1639-1640
2275-2276
425-475
16-66
1359-1409
201-202
974-975
1074-1075
1662-1712
139-140
339-340
907-908
2253-2254
1337-1338
1124-1174
1604-1654
315-316
8-58
776-826
2328-2378
1066-1067
1834-1835
2262-2263
988-989
2276-2277
302-303
670-671
1246-1296
2060-2110
863-864
1375-1376
1329-1330
0-50
1177-1178
1656-1657
1319-1320
696-746
1208-1258
2479-2480
2436-2437
1682-1732
527-577
747-797
1833-1834
2299-2349
401-451
642-643
1964-2014
2044-2094
1015-1016
1459-1460
657-658
135-185
1351-1401
804-854
1316-1366
1796-1846
1285-1335
847-848
1418-1468
1607-1608
2051-2052
1541-1542
367-417
1327-1377
814-864
605-655
1117-1167
2463-2464
129-130
1684-1685
2412-2413
674-724
1410-1460
609-659
1511-1512
2395-2396
825-875
956-957
1092-1093
2397-2398
338-388
254-304
2110-2160
1623-1624
192-193
816-817
1690-1691
2406-2407
533-534
408-409
1401-1402
1624-1625
2086-2136
933-983
664-714
1176-1226
1700-1701
2396-2397
1675-1725
2398-2399
1932-1982
639-640
400-401
881-882
1030-1031
2170-2171
460-461
596-597
940-941
1108-1109
1452-1453
1588-1589
947-997
667-668
1435-1436
37-38
772-773
1284-1285
208-258
2128-2178
635-685
2191-2241
910-911
782-832
311-312
1523-1524
1653-1654
870-920
69-119
837-887
967-968
968-1018
1479-1480
1923-1924
2120-2170
793-843
22-23
2026-2027
2226-2276
76-126
844-894
276-277
1012-1013
1036-1037
1772-1773
1632-1682
1555-1605
2081-2131
1558-1608
21-71
2218-2268
2233-2283
719-769
471-472
915-916
2327-2328
1251-1301
1507-1557
996-1046
1220-1270
1988-2038
2020-2070
997-1047
2341-2391
730-780
986-1036
2010-2060
2185-2235
540-541
996-997
1052-1053
1508-1509
1648-1698
2288-2338
267-317
1483-1533
1137-1187
2130-2131
1820-1870
1677-1727
800-801
1312-1313
2177-2227
1654-1704
2388-2438
1621-1671
935-936
936-986
1447-1448
1784-1834
2280-2330
617-667
18-68
44-94
812-862
1660-1710
2364-2414
893-943
51-52
819-820
128-129
245-246
2101-2102
2278-2328
389-439
1423-1424
10-60
778-828
2375-2376
345-395
1157-1158
1647-1697
396-397
2-52
403-453
1881-1882
1263-1264
2031-2032
1757-1758
1033-1034
467-468
11-12
2323-2324
1761-1762
1306-1307
1766-1767
1933-1934
2325-2326
871-921
1465-1466
806-856
1286-1336
2182-2232
904-954
585-635
1962-1963
2134-2135
381-382
2148-2149
1810-1811
2286-2287
2414-2464
352-353
1457-1458
1680-1681
134-135
890-891
212-213
980-981
1204-1205
1972-1973
2124-2125
2131-2181
537-538
758-808
1236-1286
213-263
675-676
2000-2050
875-925
1961-1962
2427-2477
1233-1283
1489-1539
590-640
1102-1152
1041-1042
1809-1810
365-366
7-57
1223-1273
1667-1717
710-760
1156-1206
1924-1974
1231-1232
1736-1786
2115-2116
874-875
1386-1387
2117-2118
1729-1730
2369-2370
314-315
1734-1735
1556-1557
1651-1701
737-787
1249-1299
1505-1555
618-668
953-1003
2320-2370
191-241
1865-1866
306-307
126-176
894-944
858-859
1318-1319
1741-1742
611-661
761-762
1273-1274
1571-1621
356-406
836-886
1348-1398
2312-2362
298-299
1750-1751
1572-1573
2032-2082
1547-1597
2417-2467
497-547
738-739
1310-1311
525-575
1265-1266
2033-2034
2304-2354
1967-1968
1000-1050
1704-1754
2409-2459
1693-1694
1787-1837
745-746
1150-1151
1918-1919
1980-2030
2178-2179
509-559
2295-2296
1697-1698
771-821
998-1048
2374-2424
1669-1719
921-971
630-631
1418-1419
2098-2148
159-209
1887-1937
2335-2385
1585-1635
2350-2400
959-960
326-327
148-149
916-917
1720-1721
2360-2361
1652-1702
2100-2150
1141-1191
1627-1628
314-364
1909-1959
2090-2140
2105-2155
324-325
605-606
1117-1118
811-861
2107-2157
318-319
706-707
1803-1804
2455-2456
2352-2353
609-610
2001-2002
1856-1857
614-615
922-923
1126-1127
1434-1435
781-782
1293-1294
1639-1689
422-472
2213-2263
763-764
858-908
1672-1722
201-251
310-311
701-702
139-189
712-713
907-957
1192-1193
1886-1887
2210-2211
1948-1998
658-659
1118-1119
1426-1427
2253-2303
928-929
1440-1441
506-507
308-309
2220-2221
1184-1234
193-243
1300-1350
309-359
291-292
2005-2055
2203-2204
285-286
1553-1603
498-499
974-1024
1550-1551
2382-2432
747-748
1139-1140
0-1
117-118
685-686
885-886
1453-1454
323-373
2150-2200
2247-2248
490-491
1714-1764
1115-1165
177-227
577-578
1569-1619
1941-1991
731-732
1135-1136
169-219
702-752
445-495
1611-1612
2195-2196
474-475
77-78
1237-1238
1955-2005
452-502
2235-2236
509-510
2365-2366
1777-1827
46-47
284-334
466-467
926-927
1438-1439
224-225
1808-1809
471-521
695-745
1912-1913
2433-2483
596-646
886-936
1108-1158
1398-1448
85-135
303-304
853-903
1063-1064
2223-2224
1657-1707
2297-2347
2322-2372
639-689
145-195
254-255
1361-1411
2348-2398
2219-2220
1937-1938
493-494
1095-1145
1539-1589
582-632
1028-1078
517-567
1029-1079
1050-1100
1103-1104
1671-1672
1818-1868
2314-2364
10-11
246-247
778-779
1014-1015
1797-1798
1010-1060
111-161
648-649
735-785
1384-1385
413-463
287-288
2207-2208
442-443
1606-1607
1779-1829
345-346
568-569
1559-1609
865-915
1377-1427
1268-1318
2265-2266
245-295
501-551
746-796
1258-1308
1514-1564
221-222
989-990
1637-1638
82-132
2448-2498
427-477
265-266
434-435
1534-1584
663-664
1879-1880
337-338
230-231
998-999
397-398
1813-1814
295-345
152-153
633-634
1145-1146
1880-1881
2215-2265
2440-2490
426-427
1622-1623
552-553
222-223
350-400
1826-1827
144-145
1137-1138
2380-2381
2432-2482
2294-2344
805-806
1565-1566
1915-1965
617-618
1166-1167
55-56
755-756
1267-1268
1057-1058
1825-1826
693-694
455-505
899-949
1411-1461
2311-2361
388-438
2371-2372
344-394
2009-2059
1605-1606
987-1037
2011-2061
220-270
476-526
988-1038
198-199
966-967
20-21
1268-1269
480-530
704-754
1811-1861
342-392
1814-1864
789-839
739-740
442-492
2415-2416
975-1025
1999-2049
190-191
834-835
2430-2480
597-598
35-85
803-853
229-279
2085-2135
1610-1660
1033-1083
182-183
950-951
573-574
1789-1790
688-738
1904-1954
11-61
1933-1983
1056-1106
1346-1396
1536-1586
1751-1801
2201-2202
1025-1075
1793-1843
1718-1768
181-231
1583-1584
312-362
2424-2474
1897-1947
2041-2091
157-158
636-637
925-926
1404-1405
2434-2435
188-238
1773-1823
1835-1836
557-558
1013-1014
451-501
133-183
707-708
154-204
1167-1168
2119-2120
2309-2359
89-139
1842-1892
687-737
1903-1953
49-99
817-867
286-336
2206-2256
2495-2496
620-621
1655-1705
372-422
1332-1382
859-860
1371-1372
1578-1628
41-91
2361-2411
997-998
656-706
1851-1901
1358-1359
574-624
1790-1840
2242-2243
211-212
2067-2068
1617-1618
2017-2018
2202-2203
2069-2070
1062-1112
1403-1404
2200-2250
1865-1915
604-605
1372-1373
1134-1135
156-206
1442-1443
1902-1903
2194-2195
1741-1791
2417-2418
96-97
1201-1202
1936-1937
902-903
1146-1147
2054-2055
640-690
1272-1273
2040-2041
1526-1576
2038-2088
1493-1543
2308-2309
655-705
1193-1194
2409-2410
2171-2221
17-67
626-627
785-835
1776-1777
2304-2305
2221-2222
2421-2422
2406-2456
965-966
347-397
1032-1033
1800-1801
1819-1869
1985-1986
2113-2114
1812-1813
2284-2285
1248-1298
1907-1957
1430-1480
1557-1607
2267-2268
874-924
1386-1436
1209-1259
722-772
1490-1540
959-1009
1709-1759
331-332
791-792
2007-2008
2451-2452
1114-1115
469-470
24-25
792-793
1240-1241
2008-2009
1317-1367
1723-1724
1828-1829
2268-2269
752-802
1264-1314
1803-1853
241-291
594-595
994-995
1054-1055
1292-1342
1454-1455
781-831
1293-1343
1791-1792
16-17
1744-1745
2336-2337
482-532
1367-1417
2231-2281
641-691
1153-1203
2166-2216
2471-2472
632-682
1256-1306
233-283
2153-2203
933-934
1554-1604
1538-1539
1132-1182
1900-1950
109-159
1143-1144
1451-1452
1911-1912
1953-1954
565-566
1781-1782
2439-2489
1254-1304
1925-1975
1283-1284
1177-1227
2314-2315
261-262
2181-2182
927-977
1119-1169
2079-2129
2094-2144
1537-1538
70-71
628-629
1140-1141
1570-1620
279-329
1939-1989
1976-1977
2104-2105
692-742
1123-1124
1274-1324
1530-1580
1891-1892
1084-1085
1852-1853
2244-2245
699-749
1467-1517
62-63
962-963
343-344
865-866
1377-1378
2096-2097
2496-2497
487-537
1703-1753
2342-2392
166-216
646-696
101-151
869-919
1019-1020
1114-1164
1531-1532
54-55
612-613
1436-1437
1917-1918
1611-1661
1992-1993
2088-2089
34-35
622-672
750-751
1262-1263
1390-1440
77-127
2271-2272
250-251
1670-1671
2426-2427
1100-1101
1868-1869
2228-2229
1474-1524
1075-1125
1843-1893
2073-2074
961-1011
1590-1640
53-103
1051-1052
1749-1799
29-30
1532-1533
2341-2342
242-243
206-256
1806-1807
2126-2176
2418-2419
1003-1004
1463-1464
289-290
2065-2066
1543-1593
1733-1783
2255-2256
1091-1092
1352-1402
1859-1860
2248-2298
729-779
234-235
1686-1687
2410-2411
1970-2020
667-717
1435-1485
945-995
1228-1278
833-834
1345-1346
1594-1595
268-269
1344-1394
2240-2290
275-325
2273-2323
1173-1223
987-988
784-834
713-714
718-719
1230-1231
2114-2115
2494-2495
83-84
651-652
851-852
218-219
678-679
2133-2134
2339-2389
1593-1594
2372-2422
59-60
520-570
2072-2122
265-315
2486-2487
1610-1611
253-254
1500-1501
368-418
2224-2274
2033-2083
210-211
28-78
814-815
2286-2336
397-447
288-338
768-818
951-1001
1144-1145
1280-1330
257-307
404-454
47-48
360-410
1320-1370
1913-1963
2025-2075
2180-2181
1170-1220
1938-1988
1259-1309
1807-1857
2281-2282
1039-1089
1065-1066
1922-1923
2174-2175
913-963
236-286
492-542
1154-1155
1196-1246
1789-1839
43-44
759-760
1271-1272
1715-1716
1648-1649
2432-2433
237-238
2093-2094
647-697
838-888
1927-1928
1674-1724
1503-1553
1928-1929
1326-1376
1694-1744
1373-1423
31-32
897-898
186-187
1862-1863
1186-1236
1954-2004
89-90
824-825
1336-1337
2165-2215
743-744
1594-1644
2139-2140
569-619
1081-1131
700-701
1212-1213
2277-2278
850-900
178-179
1581-1631
459-460
919-920
1328-1329
81-82
481-482
704-705
141-142
2317-2318
39-89
920-921
1112-1113
1255-1305
677-727
1189-1239
2184-2234
170-171
1878-1879
1188-1189
1956-1957
2140-2141
328-329
808-809
366-367
1164-1214
1919-1920
1616-1617
2464-2465
2438-2439
204-205
684-685
1364-1365
1844-1845
2176-2226
211-261
467-517
504-505
691-741
979-1029
1203-1253
1571-1572
1821-1822
1897-1898
2321-2371
1294-1344
1998-2048
823-824
496-497
1536-1537
1603-1653
614-664
1126-1176
581-631
711-712
2264-2314
88-138
1155-1156
1349-1399
537-587
534-535
1049-1099
488-489
1713-1763
588-638
960-1010
1472-1522
407-457
86-136
1046-1096
2262-2312
2019-2020
186-236
1402-1452
2258-2308
1231-1281
1599-1649
1725-1775
215-216
659-660
1171-1172
2470-2471
1613-1614
472-473
1764-1814
829-830
2045-2046
944-994
1634-1635
2030-2080
2462-2463
2143-2144
464-465
544-545
1760-1761
2320-2321
1839-1840
2168-2218
56-106
1272-1322
1640-1690
761-811
1273-1323
2213-2214
786-836
1298-1348
1681-1731
1790-1791
1916-1966
2108-2158
258-259
556-606
1148-1198
2413-2463
637-687
375-376
563-564
1149-1199
1331-1332
417-418
640-641
813-814
1325-1326
195-245
2053-2103
2127-2128
522-572
1290-1340
1987-1988
2074-2124
857-907
2290-2340
1567-1617
1967-2017
30-80
430-480
1693-1743
1855-1856
2239-2240
140-141
290-340
770-820
147-197
440-441
2401-2451
1697-1747
2292-2342
1781-1831
1519-1520
2282-2332
316-317
1732-1733
912-962
1618-1668
1707-1757
590-591
1102-1103
1854-1904
317-367
523-524
979-980
1739-1740
432-433
1873-1874
661-662
2405-2455
1147-1148
125-126
331-381
424-425
1608-1609
2338-2339
1042-1043
1630-1680
1758-1759
2158-2208
1759-1760
864-865
300-301
724-725
1460-1461
416-466
896-946
307-357
1305-1306
1408-1458
1634-1684
1601-1651
283-284
1955-1956
2052-2053
1387-1437
1791-1841
1935-1985
2153-2154
270-271
398-448
1906-1907
2190-2191
371-372
1643-1644
2291-2292
1297-1298
109-110
775-825
1287-1337
2435-2485
1222-1272
1700-1750
1990-2040
453-503
271-272
1487-1488
626-676
2203-2253
460-510
285-335
1501-1551
58-59
826-827
2292-2293
503-553
1139-1189
1687-1737
662-712
1174-1224
615-616
335-385
1353-1354
50-51
638-688
1726-1727
2370-2371
2187-2188
2387-2388
1229-1230
1997-1998
2389-2390
1123-1173
313-314
1529-1530
1891-1941
100-150
580-630
549-599
1061-1111
1560-1610
42-43
810-811
1238-1239
2006-2007
1060-1061
1520-1570
1250-1251
222-272
1036-1086
1874-1875
2350-2351
305-306
1521-1522
2048-2098
599-649
1111-1161
1591-1641
1717-1767
2215-2216
295-296
888-938
1400-1450
1455-1456
377-427
1513-1563
1668-1669
2428-2429
402-452
1275-1325
2025-2026
297-298
2449-2499
1406-1407
428-478
764-814
1276-1326
1532-1582
253-303
435-436
1021-1071
2347-2348
1845-1846
327-377
2183-2233
260-310
583-584
394-444
1027-1028
1690-1740
2243-2244
1674-1675
1910-1911
5-6
303-353
1519-1569
2223-2273
1710-1760
1471-1472
2177-2178
660-661
386-436
1497-1498
1908-1958
1397-1447
58-108
826-876
1577-1627
68-69
1373-1374
2386-2436
555-605
1067-1117
1673-1674
2382-2383
830-831
1218-1219
2302-2352
1597-1647
87-88
531-532
1043-1044
1344-1345
1489-1490
1712-1713
2240-2241
666-667
1382-1383
1959-2009
934-984
1926-1976
1738-1788
713-763
420-421
1213-1214
1981-1982
651-701
1374-1375
396-446
1632-1633
2448-2449
1018-1019
52-53
1846-1896
821-871
35-36
803-804
764-765
1276-1277
2085-2086
1616-1666
2162-2163
1678-1728
1259-1260
2359-2360
768-769
1280-1281
629-630
67-117
835-885
387-388
1752-1802
1002-1003
1942-1943
2154-2155
2418-2468
1202-1252
2056-2057
1628-1678
2124-2174
1565-1615
12-13
748-749
608-658
1088-1138
19-69
1783-1833
1057-1107
1825-1875
1750-1800
2407-2408
1706-1756
2410-2460
681-731
1615-1665
969-970
1481-1482
1982-2032
189-239
957-1007
1867-1868
986-987
1958-1959
2138-2139
845-846
1357-1358
227-277
483-533
1187-1237
196-246
964-1014
732-733
1244-1245
112-162
1584-1634
459-509
796-846
2014-2064
141-191
1631-1632
2317-2367
992-993
1504-1505
1762-1812
983-1033
1207-1257
1433-1434
2391-2441
630-680
1364-1414
597-647
104-154
1769-1819
2469-2470
2066-2116
1919-1969
1022-1023
2156-2206
380-430
1534-1535
1596-1646
1645-1695
1425-1426
1904-1905
2176-2177
2293-2294
903-953
1415-1465
1094-1144
1572-1622
2437-2487
1159-1160
1306-1356
2058-2108
2201-2251
522-523
758-759
1290-1291
1526-1527
1778-1828
623-673
1583-1633
558-608
1070-1120
1950-2000
157-207
925-975
954-955
2164-2165
2050-2100
1815-1865
857-858
1524-1574
2147-2148
733-734
1125-1126
1893-1894
171-221
9-10
939-989
1598-1599
1022-1072
2046-2096
2498-2499
1837-1887
203-204
1175-1176
2059-2060
2401-2402
560-561
225-226
960-961
282-283
742-743
1072-1073
1472-1473
909-910
1301-1302
2061-2062
807-857
441-442
262-312
1702-1752
2138-2188
938-939
1110-1111
2429-2430
72-73
1064-1065
274-275
94-144
862-912
990-991
1502-1503
1613-1663
2208-2209
433-434
656-657
1872-1873
2182-2183
1286-1287
1786-1787
2260-2261
1589-1639
1317-1318
1540-1541
1403-1453
425-426
209-259
465-515
526-576
1038-1088
1973-1974
2413-2414
199-249
643-693
2055-2105
132-182
900-950
712-762
790-791
1302-1303
1093-1094
1861-1862
1755-1805
193-194
710-711
532-533
2400-2450
151-201
954-1004
1855-1905
2239-2289
578-579
958-959
1090-1091
1470-1471
2254-2255
2443-2444
294-295
1754-1755
2214-2215
461-462
1109-1110
1877-1878
547-597
2404-2454
1595-1596
1098-1148
1866-1916
470-471
694-695
1462-1463
1085-1086
1764-1765
1200-1250
523-573
1739-1789
1393-1443
286-287
750-800
1262-1312
1890-1891
2206-2207
1602-1652
1206-1256
1684-1734
1974-2024
949-999
1461-1511
680-730
1703-1704
1896-1946
1385-1435
1529-1579
669-670
2283-2333
507-557
2063-2113
956-1006
1772-1822
1261-1311
161-162
896-897
1408-1409
963-1013
645-695
922-972
1434-1484
394-395
1413-1414
1074-1124
1823-1873
351-401
561-611
174-224
798-848
1087-1088
2433-2434
1722-1723
2374-2375
1132-1133
1900-1901
2196-2197
2210-2260
1143-1193
184-185
1911-1961
1953-2003
2145-2195
116-166
1588-1638
603-604
1066-1116
1834-1884
2279-2280
809-859
1321-1371
741-742
1253-1254
2236-2237
1168-1218
1083-1133
2366-2367
61-111
779-780
1995-1996
176-177
917-918
1429-1430
615-665
1575-1625
1721-1722
1542-1592
648-698
1353-1403
1738-1739
2249-2299
2358-2359
2187-2237
168-169
1864-1865
2344-2345
924-974
1229-1279
1997-2047
1740-1741
2356-2357
160-210
1890-1940
2227-2277
1857-1907
2241-2291
276-326
1492-1542
981-1031
2339-2340
2357-2407
619-669
1131-1181
529-579
14-15
142-192
2318-2368
115-116
2032-2033
2048-2049
2373-2423
1031-1032
2073-2123
406-407
1642-1643
709-710
1221-1222
1906-1956
91-141
1051-1101
1288-1289
1768-1769
2380-2430
29-79
1943-1993
289-339
405-455
1895-1896
1722-1772
978-1028
2002-2052
79-129
1097-1098
1471-1521
2255-2305
1197-1247
75-76
535-536
1047-1048
1965-2015
1574-1575
213-214
419-469
536-537
1304-1305
1211-1212
1979-1980
1673-1723
753-803
2094-2095
1502-1552
2332-2382
1279-1280
784-785
2000-2001
2080-2081
226-276
994-1044
1847-1897
376-377
1409-1459
2133-2183
39-40
121-171
677-678
1189-1190
337-387
1794-1795
1388-1438
2193-2243
2302-2303
877-927
1389-1439
2173-2223
2355-2356
368-369
71-121
515-565
1731-1781
4-54
1863-1864
2058-2059
2294-2295
773-774
47-97
360-361
1439-1489
2159-2209
1566-1616
1966-2016
703-704
1215-1216
1695-1696
1025-1026
1793-1794
582-583
1396-1397
1676-1677
2306-2356
1826-1876
499-549
23-73
243-293
1011-1061
1204-1254
1972-2022
2293-2343
1379-1380
357-358
2269-2270
2130-2180
2313-2314
2126-2127
1853-1903
855-856
1088-1089
1233-1234
1968-1969
2385-2386
2278-2279
1191-1241
344-345
2407-2457
1381-1431
613-663
1994-2044
969-1019
566-567
1481-1531
1692-1693
1892-1893
1867-1917
1480-1481
802-803
1518-1519
845-895
1357-1407
336-337
1696-1697
1356-1357
1580-1581
1619-1669
1473-1523
1078-1128
1556-1606
541-542
1872-1922
2411-2461
754-755
1934-1984
2103-2104
33-34
801-802
1645-1646
2246-2296
1989-2039
1347-1348
1551-1552
1241-1291
325-326
2162-2212
2268-2318
1821-1871
780-781
2028-2029
2068-2069
1888-1938
787-837
278-328
2198-2248
1391-1392
1962-2012
2151-2152
2154-2204
937-987
1449-1499
528-578
1040-1090
1871-1921
1486-1487
1586-1587
2238-2239
595-596
1163-1164
1363-1364
1931-1932
2147-2197
1636-1686
2116-2166
2277-2327
827-828
330-380
1032-1082
1339-1340
1800-1850
9-59
1098-1099
1866-1867
2230-2231
765-766
880-930
1840-1890
203-253
2059-2109
354-355
722-723
1326-1327
1758-1808
1694-1695
2274-2275
909-959
1887-1888
2061-2111
1585-1586
32-82
322-372
215-265
512-562
2135-2185
1-51
769-819
148-198
438-488
916-966
2229-2279
559-560
504-554
1016-1066
1720-1770
2360-2410
2205-2206
1295-1345
1515-1565
1617-1667
1410-1411
2300-2350
493-543
811-812
1527-1528
1971-1972
2045-2095
1169-1170
2307-2357
1828-1878
143-144
1359-1360
1930-1980
2202-2252
306-356
879-929
1416-1417
1640-1641
1839-1889
2097-2147
1182-1232
1629-1679
543-544
641-642
1153-1154
2452-2453
1442-1492
1666-1716
375-425
417-467
1633-1683
308-358
2420-2470
2023-2024
298-348
1337-1387
1468-1469
1604-1605
315-365
2091-2141
690-691
766-816
1069-1119
2259-2260
593-594
993-994
2145-2146
1045-1046
185-186
1432-1433
6-56
1445-1495
379-380
1688-1738
2237-2238
2443-2493
110-111
418-419
878-879
2204-2254
461-511
1151-1152
177-178
912-913
1393-1394
972-973
1484-1485
1620-1621
1964-1965
354-404
1459-1509
248-249
1016-1017
1691-1692
1061-1062
1796-1797
2300-2301
720-770
1232-1282
1147-1197
169-170
1385-1386
1422-1423
363-364
1335-1336
2283-2284
240-241
1382-1432
263-264
600-650
1991-1992
1992-2042
1305-1355
283-333
232-233
1000-1001
2395-2445
1100-1150
1868-1918
961-962
788-789
1524-1525
1548-1549
224-274
2144-2194
371-421
598-648
533-583
1507-1508
1087-1137
429-479
983-984
1427-1428
38-39
2381-2382
1763-1813
216-217
984-985
1252-1302
2021-2071
443-444
1242-1292
1498-1548
292-293
1564-1565
2020-2021
779-829
1995-2045
2289-2339
30-31
268-318
430-431
1518-1568
208-209
1824-1825
311-361
2007-2057
2389-2439
1959-1960
568-618
1960-2010
1129-1179
530-580
2-3
1068-1118
1836-1886
1405-1455
119-120
427-428
887-888
2157-2207
929-930
757-758
2118-2168
901-951
259-260
1475-1476
1369-1419
95-145
1055-1105
1455-1505
2271-2321
257-258
908-909
1420-1421
34-84
514-564
915-965
952-953
1026-1076
2327-2377
250-300
506-556
60-61
828-829
1220-1221
1988-1989
1545-1546
2110-2111
1342-1392
1035-1036
1491-1492
1562-1563
1895-1945
1977-1978
1318-1368
1798-1848
2149-2199
458-508
1928-1978
1097-1147
1994-1995
2102-2103
412-413
893-894
75-125
936-937
1247-1248
2015-2016
646-647
1402-1403
44-45
812-813
1236-1237
2004-2005
450-500
51-101
819-869
1561-1562
1089-1139
20-70
1782-1832
725-775
27-28
1187-1188
2101-2151
2077-2078
336-386
1279-1329
1423-1473
1745-1795
782-783
1394-1395
1614-1664
2062-2112
439-440
877-878
1389-1390
519-569
1735-1785
2179-2229
1188-1238
1478-1528
1956-2006
197-247
15-16
328-378
783-784
150-151
1898-1899
2326-2327
434-484
204-254
570-571
320-370
2016-2066
1015-1065
2323-2373
1761-1811
149-199
2325-2375
426-476
1642-1692
1465-1515
703-753
1215-1265
818-819
1150-1200
1330-1331
1918-1968
2131-2132
1370-1371
1830-1831
2266-2267
1379-1429
57-58
1785-1786
868-918
1380-1430
1860-1910
1048-1098
1816-1866
2313-2363
554-555
330-331
1322-1323
2109-2110
304-354
2416-2466
1009-1059
1362-1363
1710-1711
2076-2126
2258-2259
1549-1599
817-818
120-121
2305-2355
807-808
296-346
1512-1562
2095-2096
2216-2266
889-939
1001-1051
1156-1157
1924-1925
2172-2173
2461-2462
146-196
914-964
41-42
1257-1258
81-131
172-222
2284-2334
765-815
179-180
112-113
1333-1334
2285-2286
839-889
1795-1845
1510-1560
391-392
138-188
1433-1483
1142-1143
1930-1931
671-721
104-105
1183-1233
2353-2403
349-399
1951-1952
838-839
1172-1173
1940-1941
2156-2157
130-180
898-948
570-620
2345-2395
836-837
1348-1349
1629-1630
2192-2242
1323-1373
1161-1162
1929-1930
2315-2316
1633-1634
1638-1639
1946-1947
1805-1806
2453-2454
231-281
88-89
2151-2201
1414-1464
1787-1788
1370-1420
342-343
822-823
1334-1335
164-165
932-933
1469-1470
1163-1213
1224-1225
1704-1705
1931-1981
2376-2377
1682-1683
140-190
2414-2415
383-384
80-81
1952-1953
340-341
820-821
1730-1780
2259-2309
705-755
1217-1267
1812-1862
547-548
797-798
2155-2205
1010-1011
1522-1523
1719-1720
512-513
1141-1142
1709-1710
1909-1910
579-629
131-132
1240-1290
1608-1658
1514-1515
2245-2246
1627-1677
689-739
1116-1166
1884-1934
1601-1602
2497-2498
22-72
1238-1288
1755-1756
378-428
1214-1264
701-751
2071-2072
1446-1447
589-590
2328-2329
484-534
708-758
1476-1526
1021-1022
98-99
558-559
978-979
1070-1071
1308-1358
1490-1491
1950-1951
1119-1120
736-737
2018-2068
1620-1670
1910-1960
1109-1159
815-816
248-298
616-666
1575-1576
1576-1626
1976-2026
1877-1927
2104-2154
1151-1201
657-707
766-767
124-174
892-942
1084-1134
1852-1902
1873-1923
2423-2424
1005-1006
1517-1518
1607-1657
2051-2101
1060-1110
1541-1591
911-912
1266-1316
1135-1185
1160-1161
1759-1809
1896-1897
669-719
319-320
1311-1312
2338-2388
2035-2085
1369-1370
1592-1593
2195-2245
161-211
1889-1939
2228-2278
2488-2489
757-807
495-496
1013-1063
1770-1820
2037-2087
452-453
1245-1246
2013-2014
594-644
683-733
777-778
1289-1290
2235-2285
946-947
1458-1459
2365-2415
715-716
26-27
794-795
1254-1255
2022-2023
1421-1422
2023-2073
664-665
1176-1177
1657-1658
123-124
1944-1994
458-459
1450-1451
584-585
18-19
606-656
734-735
2381-2431
479-480
945-946
1168-1169
436-437
2348-2349
98-148
281-282
419-420
2331-2332
1028-1029
1488-1538
1129-1130
2446-2496
107-108
567-568
1079-1080
1779-1780
273-274
1205-1206
2157-2158
967-1017
1479-1529
1923-1973
420-470
644-694
1412-1462
463-464
856-906
1368-1418
2319-2320
2265-2315
1243-1293
732-782
1244-1294
1500-1550
2012-2062
477-527
1222-1223
1990-1991
2106-2107
1044-1045
1504-1554
1728-1778
115-165
663-713
854-904
1366-1416
1813-1863
1251-1252
1658-1708
2064-2114
1487-1537
329-330
2383-2433
702-703
1346-1347
205-206
973-974
1365-1366
1059-1109
505-506
1827-1877
2148-2198
741-791
1253-1303
280-330
2056-2106
2363-2364
1545-1595
214-215
982-983
36-37
1252-1253
1820-1821
496-546
1035-1085
174-175
12-62
798-799
511-512
1023-1024
497-498
1568-1618
1858-1908
55-105
693-743
431-432
824-874
1191-1192
1336-1386
2425-2475
388-389
1181-1182
1660-1661
251-301
489-490
382-383
700-750
1212-1262
2483-2484
1581-1582
2037-2038
2375-2425
1157-1207
1679-1680
3-4
666-716
1219-1220
601-651
138-139
374-375
1113-1163
495-545
1199-1249
2415-2465
1073-1123
1841-1891
686-736
415-416
1388-1389
473-474
884-934
1844-1894
373-423
1883-1884
2106-2156
553-603
1509-1510
393-394
1086-1136
573-623
723-724
1235-1236
320-321
465-466
688-689
358-359
423-473
2456-2457
202-252
1628-1629
2468-2469
350-351
668-718
1180-1230
1698-1699
608-609
1713-1714
1926-1927
194-244
672-722
1664-1714
310-360
80-130
2256-2306
1167-1217
1041-1091
1138-1139
654-704
1809-1859
1870-1920
183-184
627-628
2115-2165
2117-2167
72-122
918-919
1130-1131
2070-2071
1477-1478
178-228
1394-1444
859-909
1371-1421
348-398
541-591
1757-1807
2324-2325
64-114
1760-1810
247-297
2067-2117
33-83
801-851
2069-2119
1383-1384
170-220
1898-1948
1746-1796
591-641
446-496
843-844
1303-1304
981-982
1493-1494
163-213
2275-2325
1161-1211
1929-1979
48-98
1776-1826
2160-2210
2315-2365
1265-1315
1106-1107
990-1040
1506-1507
1566-1567
1966-1967
1805-1855
528-529
1040-1041
738-788
409-410
1665-1715
340-390
40-90
440-490
1656-1706
2152-2202
745-795
1445-1446
383-433
316-366
2092-2142
621-671
1707-1708
401-402
880-881
1077-1078
516-566
135-136
282-332
1351-1352
2447-2448
2393-2443
1285-1286
498-548
559-609
1775-1825
414-464
2205-2255
1094-1095
1652-1653
2444-2445
791-841
1753-1754
500-550
1460-1510
1786-1836
2042-2092
101-102
869-870
1723-1773
2057-2058
574-575
1474-1475
301-351
1367-1368
2251-2252
1889-1890
2330-2331
277-278
1037-1038
2197-2198
1511-1561
678-728
1158-1208
2310-2360
2043-2044
408-458
86-87
1124-1125
1948-1949
546-547
1058-1059
1646-1696
1774-1775
2142-2192
2322-2323
589-639
848-849
1184-1185
2400-2401
262-263
762-763
1986-2036
1107-1157
1875-1925
565-615
1563-1564
2261-2311
1053-1054
379-429
2257-2307
718-768
1230-1280
1515-1516
1975-1976
545-546
1313-1314
437-438
2247-2297
1864-1914
1497-1547
746-747
1258-1259
69-70
837-838
475-525
1691-1741
1969-2019
1740-1790
1857-1858
2241-2242
2362-2363
1516-1517
1376-1426
1299-1349
2011-2012
122-172
1296-1346
319-369
1737-1738
1742-1743
2174-2224
2354-2355
1419-1420
730-731
1190-1191
571-572
74-124
842-892
1288-1338
777-827
1289-1339
2346-2347
284-285
1277-1278
1392-1442
715-765
369-419
866-867
540-590
1052-1102
1182-1183
1421-1471
66-116
800-850
1312-1362
1463-1513
1689-1690
1792-1842
513-563
1281-1331
182-232
660-710
950-1000
1071-1072
872-922
1832-1882
361-411
505-555
1577-1578
1937-1987
748-798
1004-1054
1708-1758
2028-2078
237-287
555-556
1067-1068
1783-1784
1671-1721
1350-1400
1797-1847
389-390
50-100
287-337
2207-2257
2222-2272
1885-1935
63-64
1409-1410
698-699
119-169
2232-2233
601-602
887-937
1113-1114
929-979
1121-1171
52-102
1848-1849
1255-1256
42-92
810-860
2362-2412
1593-1643
1724-1725
2372-2373
1874-1924
59-109
971-972
1431-1432
1105-1106
1505-1506
1728-1729
2224-2225
653-654
1165-1166
551-601
697-698
1767-1817
1913-1914
518-568
1701-1751
891-892
329-379
202-203
682-683
1194-1195
840-841
1320-1321
162-163
622-623
930-931
1390-1391
1676-1726
205-255
973-1023
1542-1543
716-717
1196-1197
1876-1877
866-916
2003-2053
723-773
760-761
1235-1285
1491-1541
321-371
468-518
1528-1529
1715-1765
1179-1180
1947-1948
2333-2334
511-561
681-682
1023-1073
334-384
875-876
2035-2036
1008-1009
2165-2166
2371-2421
1638-1688
1605-1655
7-8
1223-1224
1480-1530
1667-1668
1561-1611
1558-1559
27-77
264-265
744-745
2139-2189
2225-2275
1356-1406
221-271
2077-2127
1473-1474
1984-2034
919-969
698-748
1914-1964
2217-2267
73-74
173-223
727-728
941-991
1239-1240
1683-1684
2123-2124
550-551
2125-2126
728-729
1496-1497
1509-1559
187-188
955-956
393-443
1341-1342
1456-1506
1649-1699
780-830
255-256
976-977
1056-1057
2272-2273
823-873
2424-2425
385-435
175-176
1448-1498
2351-2352
1785-1835
2169-2219
1810-1860
2385-2435
770-771
364-414
1324-1374
1661-1711
171-172
631-632
939-940
1587-1588
1441-1442
1664-1665
2416-2417
1837-1838
707-757
2119-2169
771-772
1546-1596
1669-1670
607-657
239-289
2095-2145
542-592
942-992
159-160
2335-2336
1-2
769-770
2490-2491
372-373
652-653
802-852
1282-1332
659-709
2393-2394
217-218
1171-1221
1464-1465
355-356
1775-1776
572-573
1340-1341
2405-2406
1424-1474
1614-1615
2482-2483
829-879
64-65
209-210
944-945
1685-1686
2445-2446
167-217
1383-1433
2200-2201
2343-2393
1659-1660
970-1020
1416-1466
2474-2475
156-157
356-357
637-638
843-893
456-457
494-495
1554-1555
2270-2271
2398-2448
1888-1889
2192-2193
332-333
556-557
1492-1493
1716-1717
928-978
1440-1490
339-389
563-613
1331-1381
1817-1818
1920-1970
54-104
532-582
1270-1320
1748-1798
795-796
1307-1308
848-898
1294-1295
910-960
883-884
1395-1396
1553-1554
621-622
1799-1849
2436-2486
965-1015
323-324
472-522
527-528
984-1034
1743-1744
2392-2442
1138-1188
972-1022
1484-1534
797-847
2013-2063
1082-1083
1850-1851
2246-2247
832-882
470-520
982-1032
1686-1736
2390-2440
661-711
367-368
938-988
1127-1128
1130-1180
847-897
462-463
562-563
1406-1456
2083-2133
825-826
2041-2042
612-662
1092-1142
1573-1623
2378-2428
2057-2107
74-75
842-843
816-866
2251-2301
734-784
1548-1598
1037-1087
351-352
561-562
1777-1778
1623-1673
153-154
632-633
2049-2099
2196-2246
184-234
1912-1962
1401-1451
658-708
1426-1476
2043-2093
271-321
491-541
809-810
1321-1322
593-643
386-387
940-990
1452-1502
1662-1663
1788-1838
2236-2286
1277-1327
503-504
947-948
145-146
1283-1333
292-342
772-822
1284-1334
2181-2231
261-311
335-336
906-956
1095-1096
1539-1540
2191-2192
2137-2187
517-518
1029-1030
815-865
392-393
616-617
2031-2081
158-208
2334-2384
93-143
1428-1429
418-468
642-692
2423-2473
2009-2010
2356-2406
1653-1703
487-488
1082-1132
1850-1900
313-363
2089-2139
444-445
580-581
1885-1886
1579-1629
1854-1855
45-95
1111-1112
1555-1556
1121-1122
1178-1179
1894-1895
21-22
377-378
600-601
2233-2234
1958-2008
421-471
1275-1276
152-202
1737-1787
676-677
1444-1445
1419-1469
2466-2467
908-958
1170-1171
1420-1470
1630-1631
1938-1939
2158-2159
127-128
2144-2145
369-370
6-7
2042-2043
84-85
428-429
564-565
1076-1077
435-485
2296-2297
1845-1895
411-412
1059-1060
1827-1828
260-261
1788-1789
123-173
361-362
2065-2115
398-399
1486-1536
1792-1793
2288-2289
1197-1198
1397-1398
1965-1966
1091-1141
1859-1909
358-408
455-456
1411-1412
2311-2312
281-331
2331-2381
2280-2281
1089-1090
500-501
524-525
1260-1261
1120-1170
1600-1650
531-581
1043-1093
534-584
483-484
1243-1244
1647-1648
1705-1755
63-113
1993-1994
1213-1263
403-404
1981-2031
2379-2380
2010-2011
2086-2087
1869-1870
739-789
995-1045
1699-1749
2019-2069
2072-2073
228-278
218-268
474-524
2340-2341
28-29
484-485
1756-1757
624-674
1136-1186
971-1021
113-163
494-544
653-703
1165-1215
288-289
2016-2017
2064-2065
2359-2409
1945-1946
1142-1192
1876-1926
1365-1415
423-424
760-810
1128-1178
105-155
2281-2331
2046-2047
636-686
1404-1454
2050-2051
381-431
2167-2168
2475-2476
1927-1977
451-452
1562-1612
1615-1616
1546-1547
1782-1783
133-134
2309-2310
31-81
431-481
1247-1297
1582-1632
1181-1231
1949-1999
2305-2306
1978-1979
2118-2119
1080-1081
1780-1830
239-240
1007-1008
196-197
964-965
1501-1502
1195-1245
521-522
1963-2013
318-368
1227-1228
2391-2392
737-738
1584-1585
1984-1985
538-539
1510-1511
1831-1881
953-954
294-344
774-824
2214-2264
73-123
970-971
2123-2173
1096-1097
2082-2083
1886-1936
786-787
1118-1168
1298-1299
2014-2015
2125-2175
223-224
991-992
2298-2299
378-379
1798-1799
180-181
948-949
25-26
65-115
212-262
2068-2118
163-164
2075-2076
255-305
399-449
937-938
2001-2051
2290-2291
2254-2304
721-771
78-128
370-371
977-1027
1550-1600
1678-1679
17-18
785-786
2337-2338
711-761
1155-1205
164-214
454-504
932-982
207-208
2376-2426
975-976
1224-1274
362-363
1814-1815
2282-2283
705-706
1217-1218
1478-1479
1780-1781
2316-2317
992-1042
1216-1266
627-677
1175-1225
2368-2418
225-275
481-531
993-1043
1301-1351
1978-2028
441-491
841-842
1602-1603
1982-1983
346-347
806-807
717-718
1485-1486
355-405
1315-1365
2105-2106
324-374
2107-2108
24-74
792-842
2378-2379
726-727
1494-1495
1718-1719
548-549
2301-2302
1008-1058
2352-2402
1905-1955
338-339
686-687
1774-1824
2445-2495
241-242
1009-1010
2097-2098
2336-2386
2168-2169
1973-2023
943-944
488-538
1192-1242
2408-2458
132-133
900-901
1148-1149
1437-1438
1916-1917
2194-2244
763-813
233-234
1531-1581
126-127
894-895
1468-1518
2220-2270
2091-2092
673-674
1185-1186
1920-1921
2160-2161
309-310
1069-1070
1525-1526
1987-2037
486-536
2439-2440
1946-1996
2186-2236
409-459
118-119
906-907
1925-1926
1586-1636
863-913
1375-1425
2152-2153
1329-1379
1198-1248
1822-1872
927-928
2079-2080
2234-2235
2178-2228
696-697
1208-1209
2137-2138
628-678
1140-1190
117-167
885-935
1115-1116
1833-1883
93-94
1765-1766
299-349
137-138
905-906
1595-1645
1870-1871
2226-2227
1085-1135
1291-1292
832-833
977-978
1200-1201
2129-2130
102-103
410-411
269-270
1941-1942
2189-2190
1127-1177
2087-2137
390-440
1574-1624
346-396
1160-1210
2218-2219
445-446
1116-1117
1884-1885
2212-2213
200-201
680-681
94-95
402-403
862-863
1436-1486
2431-2432
416-417
1414-1415
1658-1659
2252-2253
706-756
1152-1202
788-838
2004-2054
1643-1693
1297-1347
526-527
1038-1039
1166-1216
695-696
429-430
1543-1544
2136-2186
584-634
216-266
1430-1431
1733-1734
690-740
603-653
1544-1545
1563-1613
92-142
860-910
1053-1103
545-595
1313-1363
214-264
1942-1992
2134-2184
917-967
111-112
1429-1479
2234-2284
1721-1771
1234-1284
1103-1153
1609-1610
190-240
587-588
1559-1560
2263-2264
422-423
1626-1627
725-726
931-981
1443-1493
1560-1561
1829-1879
414-415
95-96
1296-1297
1250-1300
1879-1929
888-889
1400-1401
1921-1971
84-134
374-424
1711-1712
1768-1818
2296-2346
551-552
552-602
952-1002
1144-1194
633-683
1145-1195
1701-1702
127-177
849-899
2306-2307
60-110
828-878
1644-1694
1901-1951
913-914
1392-1393
2465-2466
583-633
1027-1077
2243-2293
36-86
1766-1816
5-55
79-80
26-76
647-648
794-844
1689-1739
242-292
1071-1121
136-137
872-873
2078-2128
1727-1728
2367-2368
1908-1909
2188-2189
535-585
755-805
1047-1097
1267-1317
353-403
1523-1573
244-294
1012-1062
1635-1636
234-284
490-540
1002-1052
613-614
1381-1382
2364-2365
1211-1261
1979-2029
510-560
1811-1812
1600-1601
1745-1746
2480-2481
789-790
999-1049
121-122
856-857
1368-1369
1637-1687
920-970
1626-1676
1993-2043
598-599
1590-1591
2173-2174
2379-2429
2472-2473
1314-1315
1134-1184
1902-1952
2030-2031
2066-2067
1869-1919
113-114
1360-1361
1612-1613
2484-2485
2355-2405
2329-2330
2467-2468
4-5
2044-2045
464-514
891-941
105-106
2318-2319
142-143
1778-1779
243-244
2419-2420
2321-2322
181-182
387-437
1603-1604
2008-2058
581-582
219-269
1179-1229
1947-1997
1457-1507
2333-2383
244-245
1804-1805
790-840
1302-1352
2006-2056
227-228
634-684
1903-1904
1961-2011
1552-1602
463-513
1225-1226
2377-2378
322-323
1998-1999
2098-2099
1619-1620
341-342
2361-2362
1851-1852
586-636
1354-1404
521-571
2090-2091
228-229
796-797
2012-2013
2084-2085
1227-1277
1378-1379
1746-1747
2222-2223
2270-2320
2353-2354
544-594
834-884
727-777
1024-1074
1239-1289
2103-2153
694-744
1172-1222
1462-1512
1940-1990
2343-2344
167-168
1528-1578
2040-2090
873-923
1017-1067
380-381
1551-1601
1771-1821
2345-2346
1425-1475
1666-1667
2430-2431
749-799
1323-1324
1517-1567
2039-2040
2301-2351
1681-1682
1773-1774
1159-1209
2308-2358
195-196
2442-2492
655-656
1871-1872
2186-2187
2422-2423
2053-2054
818-868
1330-1380
175-225
1391-1441
2351-2401
1838-1888
575-576
1567-1568
1665-1666
364-365
1698-1748
2434-2484
631-681
1399-1449
1441-1491
820-870
2421-2471
347-348
554-604
1322-1372
1849-1899
485-486
1980-1981
2116-2117
1362-1412
827-877
2441-2442
1339-1389
334-335
62-112
1278-1328
1714-1715
2135-2136
1216-1217
1840-1841
2368-2369
1557-1558
1209-1210
38-88
1030-1080
1957-2007
2250-2300
841-891
348-349
674-675
2444-2494
717-767
1485-1535
1663-1664
689-690
1424-1425
1905-1906
122-123
1996-1997
2100-2101
1378-1428
2242-2292
1971-2021
502-552
1014-1064
2358-2408
469-519
2083-2084
1573-1574
1744-1794
143-193
1659-1709
114-115
846-896
1806-1856
1934-1935
1387-1388
2231-2232
752-753
1264-1265
1894-1944
1093-1143
2435-2436
775-776
1287-1288
1624-1674
1861-1911
1817-1867
106-107
1046-1047
453-454
370-420
795-845
8-9
776-777
1256-1257
1307-1357
2024-2025
2396-2446
733-783
1300-1301
2036-2037
2060-2061
736-786
2112-2162
2295-2345
883-933
1395-1445
406-456
1622-1672
1045-1095
359-360
362-412
185-235
466-516
1743-1793
685-735
279-280
1453-1503
1495-1496
1939-1940
2237-2287
90-91
1062-1063
2211-2261
2244-2294
293-343
1467-1468
1754-1804
137-187
905-955
804-805
1316-1317
240-290
2096-2146
1291-1341
82-83
482-483
542-543
942-943
269-319
767-768
2189-2239
720-721
1232-1233
343-393
1335-1385
2457-2458
129-179
232-282
1592-1642
2088-2138
1641-1691
421-422
1042-1092
2431-2481
514-515
2428-2478
108-158
876-926
1026-1027
1917-1967
683-684
1075-1076
1843-1844
1152-1153
53-54
1269-1270
230-280
1413-1463
327-328
2330-2380
1034-1084
1802-1852
2183-2184
153-203
751-801
513-514
1281-1282
116-117
1932-1933
546-596
1058-1108
1427-1477
729-730
1538-1588
436-486
867-868
762-812
1018-1068
443-493
2219-2269
450-451
2349-2399
275-276
2273-2274
353-354
13-14
1173-1174
679-729
2489-2490
134-184
1830-1880
507-508
90-140
1482-1532
1609-1659
100-101
924-925
1405-1406
587-637
1960-1961
2120-2121
968-969
1099-1149
238-239
366-416
2481-2482
160-161
1376-1377
1158-1159
1914-1915
2310-2311
76-77
844-845
1068-1069
1836-1837
962-1012
83-133
851-901
566-616
1044-1094
1237-1287
539-540
508-509
1360-1410
1899-1949
2473-2474
491-492
951-952
1901-1902
2485-2486
1031-1081
1734-1784
2180-2230
709-759
67-68
835-836
840-890
1039-1040
1221-1271
1807-1808
473-523
662-663
1174-1175
946-996
1458-1508
411-461
716-766
321-322
1338-1339
492-493
352-402
2039-2089
2199-2249
2017-2067
475-476
1450-1500
2170-2220
1977-2027
272-322
1727-1777
2367-2417
206-207
1842-1843
395-396
166-167
1882-1883
2342-2343
1635-1685
569-570
1081-1082
1892-1942
264-314
2122-2172
586-587
1354-1355
1578-1579
476-477
2332-2333
1328-1378
1521-1571
158-159
1762-1763
2334-2335
1073-1074
1841-1842
256-306
2114-2164
439-489
665-666
2230-2280
1831-1832
808-858
2024-2074
15-65
1769-1770
553-554
235-285
783-833
130-131
684-734
898-899
1003-1053
1105-1155
2285-2335
247-248
691-692
1203-1204
1533-1583
624-625
1136-1137
2209-2210
1863-1913
326-376
2022-2072
773-823
903-904
650-700
1162-1212
1415-1416
1945-1995
1654-1655
2442-2443
2437-2438
2399-2449
1695-1745
479-529
904-905
991-1041
1128-1129
302-352
670-720
861-911
1983-1984
2111-2112
385-386
1350-1351
1922-1972
162-212
2167-2217
930-980
312-313
1154-1204
97-147
2164-2214
231-232
1338-1388
57-107
188-189
1860-1861
1835-1885
1342-1343
1730-1731
557-607
407-408
2109-2159
304-305
743-793
889-890
1446-1496
165-215
1882-1932
2377-2427
1225-1275
854-855
1366-1367
1846-1847
1725-1726
2250-2251
296-297
1736-1737
2216-2217
652-702
895-896
1407-1408
592-593
1104-1105
518-519
1530-1531
172-173
852-853
1332-1333
2208-2258
179-229
1729-1779
2369-2419
2324-2374
1333-1383
155-156
923-924
1315-1316
1309-1310
873-874
2034-2035
270-320
2062-2063
2190-2240
1011-1012
1771-1772
2163-2164
1024-1025
1347-1397
102-152
325-375
643-644
456-506
2055-2056
25-75
2454-2455
2075-2125
2312-2313
1201-1251
332-382
2269-2319
448-498
2337-2387
995-996
890-940
1193-1243
207-257
575-625
2121-2122
2127-2177
1726-1776
1469-1519
147-148
2221-2271
1498-1499
1101-1102
2261-2262
740-790
1508-1558
1732-1782
485-535
2441-2491
317-318
1533-1534
432-482
625-675
610-611
1006-1056
1122-1123
1582-1583
2002-2003
2303-2304
32-33
1248-1249
2274-2324
1495-1545
1719-1769
1327-1328
424-474
2087-2088
249-299
274-324
1663-1713
1169-1219
1278-1279
2412-2462
300-350
125-175
307-308
301-302
2029-2030
1606-1656
2052-2102
963-964
266-316
1935-1936
1034-1035
1270-1271
1802-1803
2038-2039
645-646
2034-2084
543-593
943-993
1672-1673
2287-2337
2408-2409
1437-1487
831-832
1343-1344
1823-1824
1466-1467
2420-2421
258-308
2291-2341
2071-2121
673-723
1185-1235
2036-2086
1269-1319
751-752
1525-1575
2026-2076
2403-2404
708-709
1476-1477
400-450
1106-1156
1451-1501
1801-1802
78-79
830-880
1970-1971
1687-1688
1361-1362
2112-2113
2257-2258
1050-1051
1818-1819
359-409
1319-1369
1688-1689
2392-2393
635-636
392-442
#size map: height 50 x width 50
