100
#rooms:
0 0 0
1 1 0
2 2 0
3 3 0
4 4 0
5 5 0
6 6 0
7 7 0
8 8 0
9 9 0
10 10 0
11 11 0
12 12 0
13 13 0
14 14 0
15 15 0
16 16 0
17 17 0
18 18 0
19 19 0
20 20 0
21 21 0
22 22 0
23 23 0
24 24 0
25 25 0
26 26 0
27 27 0
28 28 0
29 29 0
30 30 0
31 31 0
32 32 0
33 33 0
34 34 0
35 35 0
36 36 0
37 37 0
38 38 0
39 39 0
40 40 0
41 41 0
42 42 0
43 43 0
44 44 0
45 45 0
46 46 0
47 47 0
48 48 0
49 49 0
50 0 1
51 1 1
52 2 1
53 3 1
54 4 1
55 5 1
56 6 1
57 7 1
58 8 1
59 9 1
60 10 1
61 11 1
62 12 1
63 13 1
64 14 1
65 15 1
66 16 1
67 17 1
68 18 1
69 19 1
70 20 1
71 21 1
72 22 1
73 23 1
74 24 1
75 25 1
76 26 1
77 27 1
78 28 1
79 29 1
80 30 1
81 31 1
82 32 1
83 33 1
84 34 1
85 35 1
86 36 1
87 37 1
88 38 1
89 39 1
90 40 1
91 41 1
92 42 1
93 43 1
94 44 1
95 45 1
96 46 1
97 47 1
98 48 1
99 49 1
100 0 2
101 1 2
102 2 2
103 3 2
104 4 2
105 5 2
106 6 2
107 7 2
108 8 2
109 9 2
110 10 2
111 11 2
112 12 2
113 13 2
114 14 2
115 15 2
116 16 2
117 17 2
118 18 2
119 19 2
120 20 2
121 21 2
122 22 2
123 23 2
124 24 2
125 25 2
126 26 2
127 27 2
128 28 2
129 29 2
130 30 2
131 31 2
132 32 2
133 33 2
134 34 2
135 35 2
136 36 2
137 37 2
138 38 2
139 39 2
140 40 2
141 41 2
142 42 2
143 43 2
144 44 2
145 45 2
146 46 2
147 47 2
148 48 2
149 49 2
150 0 3
151 1 3
152 2 3
153 3 3
154 4 3
155 5 3
156 6 3
157 7 3
158 8 3
159 9 3
160 10 3
161 11 3
162 12 3
163 13 3
164 14 3
165 15 3
166 16 3
167 17 3
168 18 3
169 19 3
170 20 3
171 21 3
172 22 3
173 23 3
174 24 3
175 25 3
176 26 3
177 27 3
178 28 3
179 29 3
180 30 3
181 31 3
182 32 3
183 33 3
184 34 3
185 35 3
186 36 3
187 37 3
188 38 3
189 39 3
190 40 3
191 41 3
192 42 3
193 43 3
194 44 3
195 45 3
196 46 3
197 47 3
198 48 3
199 49 3
200 0 4
201 1 4
202 2 4
203 3 4
204 4 4
205 5 4
206 6 4
207 7 4
208 8 4
209 9 4
210 10 4
211 11 4
212 12 4
213 13 4
214 14 4
215 15 4
216 16 4
217 17 4
218 18 4
219 19 4
220 20 4
221 21 4
222 22 4
223 23 4
224 24 4
225 25 4
226 26 4
227 27 4
228 28 4
229 29 4
230 30 4
231 31 4
232 32 4
233 33 4
234 34 4
235 35 4
236 36 4
237 37 4
238 38 4
239 39 4
240 40 4
241 41 4
242 42 4
243 43 4
244 44 4
245 45 4
246 46 4
247 47 4
248 48 4
249 49 4
250 0 5
251 1 5
252 2 5
253 3 5
254 4 5
255 5 5
256 6 5
257 7 5
258 8 5
259 9 5
260 10 5
261 11 5
262 12 5
263 13 5
264 14 5
265 15 5
266 16 5
267 17 5
268 18 5
269 19 5
270 20 5
271 21 5
272 22 5
273 23 5
274 24 5
275 25 5
276 26 5
277 27 5
278 28 5
279 29 5
280 30 5
281 31 5
282 32 5
283 33 5
284 34 5
285 35 5
286 36 5
287 37 5
288 38 5
289 39 5
290 40 5
291 41 5
292 42 5
293 43 5
294 44 5
295 45 5
296 46 5
297 47 5
298 48 5
299 49 5
300 0 6
301 1 6
302 2 6
303 3 6
304 4 6
305 5 6
306 6 6
307 7 6
308 8 6
309 9 6
310 10 6
311 11 6
312 12 6
313 13 6
314 14 6
315 15 6
316 16 6
317 17 6
318 18 6
319 19 6
320 20 6
321 21 6
322 22 6
323 23 6
324 24 6
325 25 6
326 26 6
327 27 6
328 28 6
329 29 6
330 30 6
331 31 6
332 32 6
333 33 6
334 34 6
335 35 6
336 36 6
337 37 6
338 38 6
339 39 6
340 40 6
341 41 6
342 42 6
343 43 6
344 44 6
345 45 6
346 46 6
347 47 6
348 48 6
349 49 6
350 0 7
351 1 7
352 2 7
353 3 7
354 4 7
355 5 7
356 6 7
##start
357 7 7
358 8 7
359 9 7
360 10 7
361 11 7
362 12 7
363 13 7
364 14 7
365 15 7
366 16 7
367 17 7
368 18 7
369 19 7
370 20 7
371 21 7
372 22 7
373 23 7
374 24 7
375 25 7
376 26 7
377 27 7
378 28 7
379 29 7
380 30 7
381 31 7
382 32 7
383 33 7
384 34 7
385 35 7
386 36 7
387 37 7
388 38 7
389 39 7
390 40 7
391 41 7
392 42 7
393 43 7
394 44 7
395 45 7
396 46 7
397 47 7
398 48 7
399 49 7
400 0 8
401 1 8
402 2 8
403 3 8
404 4 8
405 5 8
406 6 8
407 7 8
408 8 8
409 9 8
410 10 8
411 11 8
412 12 8
413 13 8
414 14 8
415 15 8
416 16 8
417 17 8
418 18 8
419 19 8
420 20 8
421 21 8
422 22 8
423 23 8
424 24 8
425 25 8
426 26 8
427 27 8
428 28 8
429 29 8
430 30 8
431 31 8
432 32 8
433 33 8
434 34 8
435 35 8
436 36 8
437 37 8
438 38 8
439 39 8
440 40 8
441 41 8
442 42 8
443 43 8
444 44 8
445 45 8
446 46 8
447 47 8
448 48 8
449 49 8
450 0 9
451 1 9
452 2 9
453 3 9
454 4 9
455 5 9
456 6 9
457 7 9
458 8 9
459 9 9
460 10 9
461 11 9
462 12 9
463 13 9
464 14 9
465 15 9
466 16 9
467 17 9
468 18 9
469 19 9
470 20 9
471 21 9
472 22 9
473 23 9
474 24 9
475 25 9
476 26 9
477 27 9
478 28 9
479 29 9
480 30 9
481 31 9
482 32 9
483 33 9
484 34 9
485 35 9
486 36 9
487 37 9
488 38 9
489 39 9
490 40 9
491 41 9
492 42 9
493 43 9
494 44 9
495 45 9
496 46 9
497 47 9
498 48 9
499 49 9
500 0 10
501 1 10
502 2 10
503 3 10
504 4 10
505 5 10
506 6 10
507 7 10
508 8 10
509 9 10
510 10 10
511 11 10
512 12 10
513 13 10
514 14 10
515 15 10
516 16 10
517 17 10
518 18 10
519 19 10
520 20 10
521 21 10
522 22 10
523 23 10
524 24 10
525 25 10
526 26 10
527 27 10
528 28 10
529 29 10
530 30 10
531 31 10
532 32 10
533 33 10
534 34 10
535 35 10
536 36 10
537 37 10
538 38 10
539 39 10
540 40 10
541 41 10
542 42 10
543 43 10
544 44 10
545 45 10
546 46 10
547 47 10
548 48 10
549 49 10
550 0 11
551 1 11
552 2 11
553 3 11
554 4 11
555 5 11
556 6 11
557 7 11
558 8 11
559 9 11
560 10 11
561 11 11
562 12 11
563 13 11
564 14 11
565 15 11
566 16 11
567 17 11
568 18 11
569 19 11
570 20 11
571 21 11
572 22 11
573 23 11
574 24 11
575 25 11
576 26 11
577 27 11
578 28 11
579 29 11
580 30 11
581 31 11
582 32 11
583 33 11
584 34 11
585 35 11
586 36 11
587 37 11
588 38 11
589 39 11
590 40 11
591 41 11
592 42 11
593 43 11
594 44 11
595 45 11
596 46 11
597 47 11
598 48 11
599 49 11
600 0 12
601 1 12
602 2 12
603 3 12
604 4 12
605 5 12
606 6 12
607 7 12
608 8 12
609 9 12
610 10 12
611 11 12
612 12 12
613 13 12
614 14 12
615 15 12
616 16 12
617 17 12
618 18 12
619 19 12
620 20 12
621 21 12
622 22 12
623 23 12
624 24 12
625 25 12
626 26 12
627 27 12
628 28 12
629 29 12
630 30 12
631 31 12
632 32 12
633 33 12
634 34 12
635 35 12
636 36 12
637 37 12
638 38 12
639 39 12
640 40 12
641 41 12
642 42 12
643 43 12
644 44 12
645 45 12
646 46 12
647 47 12
648 48 12
649 49 12
650 0 13
651 1 13
652 2 13
653 3 13
654 4 13
655 5 13
656 6 13
657 7 13
658 8 13
659 9 13
660 10 13
661 11 13
662 12 13
663 13 13
664 14 13
665 15 13
666 16 13
667 17 13
668 18 13
669 19 13
670 20 13
671 21 13
672 22 13
673 23 13
674 24 13
675 25 13
676 26 13
677 27 13
678 28 13
679 29 13
680 30 13
681 31 13
682 32 13
683 33 13
684 34 13
685 35 13
686 36 13
687 37 13
688 38 13
689 39 13
690 40 13
691 41 13
692 42 13
693 43 13
694 44 13
695 45 13
696 46 13
697 47 13
698 48 13
699 49 13
700 0 14
701 1 14
702 2 14
703 3 14
704 4 14
705 5 14
706 6 14
707 7 14
708 8 14
709 9 14
710 10 14
711 11 14
712 12 14
713 13 14
714 14 14
715 15 14
716 16 14
717 17 14
718 18 14
719 19 14
720 20 14
721 21 14
722 22 14
723 23 14
724 24 14
725 25 14
726 26 14
727 27 14
728 28 14
729 29 14
730 30 14
731 31 14
732 32 14
733 33 14
734 34 14
735 35 14
736 36 14
737 37 14
738 38 14
739 39 14
740 40 14
741 41 14
742 42 14
743 43 14
744 44 14
745 45 14
746 46 14
747 47 14
748 48 14
749 49 14
750 0 15
751 1 15
752 2 15
753 3 15
754 4 15
755 5 15
756 6 15
757 7 15
758 8 15
759 9 15
760 10 15
761 11 15
762 12 15
763 13 15
764 14 15
765 15 15
766 16 15
767 17 15
768 18 15
769 19 15
770 20 15
771 21 15
772 22 15
773 23 15
774 24 15
775 25 15
776 26 15
777 27 15
778 28 15
779 29 15
780 30 15
781 31 15
782 32 15
783 33 15
784 34 15
785 35 15
786 36 15
787 37 15
788 38 15
789 39 15
790 40 15
791 41 15
792 42 15
793 43 15
794 44 15
795 45 15
796 46 15
797 47 15
798 48 15
799 49 15
800 0 16
801 1 16
802 2 16
803 3 16
804 4 16
805 5 16
806 6 16
807 7 16
808 8 16
809 9 16
810 10 16
811 11 16
812 12 16
813 13 16
814 14 16
815 15 16
816 16 16
817 17 16
818 18 16
819 19 16
820 20 16
821 21 16
822 22 16
823 23 16
824 24 16
825 25 16
826 26 16
827 27 16
828 28 16
829 29 16
830 30 16
831 31 16
832 32 16
833 33 16
834 34 16
835 35 16
836 36 16
837 37 16
838 38 16
839 39 16
840 40 16
841 41 16
842 42 16
843 43 16
844 44 16
845 45 16
846 46 16
847 47 16
848 48 16
849 49 16
850 0 17
851 1 17
852 2 17
853 3 17
854 4 17
855 5 17
856 6 17
857 7 17
858 8 17
859 9 17
860 10 17
861 11 17
862 12 17
863 13 17
864 14 17
865 15 17
866 16 17
867 17 17
868 18 17
869 19 17
870 20 17
871 21 17
872 22 17
873 23 17
874 24 17
875 25 17
876 26 17
877 27 17
878 28 17
879 29 17
880 30 17
881 31 17
882 32 17
883 33 17
884 34 17
885 35 17
886 36 17
887 37 17
888 38 17
889 39 17
890 40 17
891 41 17
892 42 17
893 43 17
894 44 17
895 45 17
896 46 17
897 47 17
898 48 17
899 49 17
900 0 18
901 1 18
902 2 18
903 3 18
904 4 18
905 5 18
906 6 18
907 7 18
908 8 18
909 9 18
910 10 18
911 11 18
912 12 18
913 13 18
914 14 18
915 15 18
916 16 18
917 17 18
918 18 18
919 19 18
920 20 18
921 21 18
922 22 18
923 23 18
924 24 18
925 25 18
926 26 18
927 27 18
928 28 18
929 29 18
930 30 18
931 31 18
932 32 18
933 33 18
934 34 18
935 35 18
936 36 18
937 37 18
938 38 18
939 39 18
940 40 18
941 41 18
942 42 18
943 43 18
944 44 18
945 45 18
946 46 18
947 47 18
948 48 18
949 49 18
950 0 19
951 1 19
952 2 19
953 3 19
954 4 19
955 5 19
956 6 19
957 7 19
958 8 19
959 9 19
960 10 19
961 11 19
962 12 19
963 13 19
964 14 19
965 15 19
966 16 19
967 17 19
968 18 19
969 19 19
970 20 19
971 21 19
972 22 19
973 23 19
974 24 19
975 25 19
976 26 19
977 27 19
978 28 19
979 29 19
980 30 19
981 31 19
982 32 19
983 33 19
984 34 19
985 35 19
986 36 19
987 37 19
988 38 19
989 39 19
990 40 19
991 41 19
992 42 19
993 43 19
994 44 19
995 45 19
996 46 19
997 47 19
998 48 19
999 49 19
1000 0 20
1001 1 20
1002 2 20
1003 3 20
1004 4 20
1005 5 20
1006 6 20
1007 7 20
1008 8 20
1009 9 20
1010 10 20
1011 11 20
1012 12 20
1013 13 20
1014 14 20
1015 15 20
1016 16 20
1017 17 20
1018 18 20
1019 19 20
1020 20 20
1021 21 20
1022 22 20
1023 23 20
1024 24 20
1025 25 20
1026 26 20
1027 27 20
1028 28 20
1029 29 20
1030 30 20
1031 31 20
1032 32 20
1033 33 20
1034 34 20
1035 35 20
1036 36 20
1037 37 20
1038 38 20
1039 39 20
1040 40 20
1041 41 20
1042 42 20
1043 43 20
1044 44 20
1045 45 20
1046 46 20
1047 47 20
1048 48 20
1049 49 20
1050 0 21
1051 1 21
1052 2 21
1053 3 21
1054 4 21
1055 5 21
1056 6 21
1057 7 21
1058 8 21
1059 9 21
1060 10 21
1061 11 21
1062 12 21
1063 13 21
1064 14 21
1065 15 21
1066 16 21
1067 17 21
1068 18 21
1069 19 21
1070 20 21
1071 21 21
1072 22 21
1073 23 21
1074 24 21
1075 25 21
1076 26 21
1077 27 21
1078 28 21
1079 29 21
1080 30 21
1081 31 21
1082 32 21
1083 33 21
1084 34 21
1085 35 21
1086 36 21
1087 37 21
1088 38 21
1089 39 21
1090 40 21
1091 41 21
1092 42 21
1093 43 21
1094 44 21
1095 45 21
1096 46 21
1097 47 21
1098 48 21
1099 49 21
1100 0 22
1101 1 22
1102 2 22
1103 3 22
1104 4 22
1105 5 22
1106 6 22
1107 7 22
1108 8 22
1109 9 22
1110 10 22
1111 11 22
1112 12 22
1113 13 22
1114 14 22
1115 15 22
1116 16 22
1117 17 22
1118 18 22
1119 19 22
1120 20 22
1121 21 22
1122 22 22
1123 23 22
1124 24 22
1125 25 22
1126 26 22
1127 27 22
1128 28 22
1129 29 22
1130 30 22
1131 31 22
1132 32 22
1133 33 22
1134 34 22
1135 35 22
1136 36 22
1137 37 22
1138 38 22
1139 39 22
1140 40 22
1141 41 22
1142 42 22
1143 43 22
1144 44 22
1145 45 22
1146 46 22
1147 47 22
1148 48 22
1149 49 22
1150 0 23
1151 1 23
1152 2 23
1153 3 23
1154 4 23
1155 5 23
1156 6 23
1157 7 23
1158 8 23
1159 9 23
1160 10 23
1161 11 23
1162 12 23
1163 13 23
1164 14 23
1165 15 23
1166 16 23
1167 17 23
1168 18 23
1169 19 23
1170 20 23
1171 21 23
1172 22 23
1173 23 23
1174 24 23
1175 25 23
1176 26 23
1177 27 23
1178 28 23
1179 29 23
1180 30 23
1181 31 23
1182 32 23
1183 33 23
1184 34 23
1185 35 23
1186 36 23
1187 37 23
1188 38 23
1189 39 23
1190 40 23
1191 41 23
1192 42 23
1193 43 23
1194 44 23
1195 45 23
1196 46 23
1197 47 23
1198 48 23
1199 49 23
1200 0 24
1201 1 24
1202 2 24
1203 3 24
1204 4 24
1205 5 24
1206 6 24
1207 7 24
1208 8 24
1209 9 24
1210 10 24
1211 11 24
1212 12 24
1213 13 24
1214 14 24
1215 15 24
1216 16 24
1217 17 24
1218 18 24
1219 19 24
1220 20 24
1221 21 24
1222 22 24
1223 23 24
1224 24 24
1225 25 24
1226 26 24
1227 27 24
1228 28 24
1229 29 24
1230 30 24
1231 31 24
1232 32 24
1233 33 24
1234 34 24
1235 35 24
1236 36 24
1237 37 24
1238 38 24
1239 39 24
1240 40 24
1241 41 24
1242 42 24
1243 43 24
1244 44 24
1245 45 24
1246 46 24
1247 47 24
1248 48 24
1249 49 24
1250 0 25
1251 1 25
1252 2 25
1253 3 25
1254 4 25
1255 5 25
1256 6 25
1257 7 25
1258 8 25
1259 9 25
1260 10 25
1261 11 25
1262 12 25
1263 13 25
1264 14 25
1265 15 25
1266 16 25
1267 17 25
1268 18 25
1269 19 25
1270 20 25
1271 21 25
1272 22 25
1273 23 25
1274 24 25
1275 25 25
1276 26 25
1277 27 25
1278 28 25
1279 29 25
1280 30 25
1281 31 25
1282 32 25
1283 33 25
1284 34 25
1285 35 25
1286 36 25
1287 37 25
1288 38 25
1289 39 25
1290 40 25
1291 41 25
1292 42 25
1293 43 25
1294 44 25
1295 45 25
1296 46 25
1297 47 25
1298 48 25
1299 49 25
1300 0 26
1301 1 26
1302 2 26
1303 3 26
1304 4 26
1305 5 26
1306 6 26
1307 7 26
1308 8 26
1309 9 26
1310 10 26
1311 11 26
1312 12 26
1313 13 26
1314 14 26
1315 15 26
1316 16 26
1317 17 26
1318 18 26
1319 19 26
1320 20 26
1321 21 26
1322 22 26
1323 23 26
1324 24 26
1325 25 26
1326 26 26
1327 27 26
1328 28 26
1329 29 26
1330 30 26
1331 31 26
1332 32 26
1333 33 26
1334 34 26
1335 35 26
1336 36 26
1337 37 26
1338 38 26
1339 39 26
1340 40 26
1341 41 26
1342 42 26
1343 43 26
1344 44 26
1345 45 26
1346 46 26
1347 47 26
1348 48 26
1349 49 26
1350 0 27
1351 1 27
1352 2 27
1353 3 27
1354 4 27
1355 5 27
1356 6 27
1357 7 27
1358 8 27
1359 9 27
1360 10 27
1361 11 27
1362 12 27
1363 13 27
1364 14 27
1365 15 27
1366 16 27
1367 17 27
1368 18 27
1369 19 27
1370 20 27
1371 21 27
1372 22 27
1373 23 27
1374 24 27
1375 25 27
1376 26 27
1377 27 27
1378 28 27
1379 29 27
1380 30 27
1381 31 27
1382 32 27
1383 33 27
1384 34 27
1385 35 27
1386 36 27
1387 37 27
1388 38 27
1389 39 27
1390 40 27
1391 41 27
1392 42 27
1393 43 27
1394 44 27
1395 45 27
1396 46 27
1397 47 27
1398 48 27
1399 49 27
1400 0 28
1401 1 28
1402 2 28
1403 3 28
1404 4 28
1405 5 28
1406 6 28
1407 7 28
1408 8 28
1409 9 28
1410 10 28
1411 11 28
1412 12 28
1413 13 28
1414 14 28
1415 15 28
1416 16 28
1417 17 28
1418 18 28
1419 19 28
1420 20 28
1421 21 28
1422 22 28
1423 23 28
1424 24 28
1425 25 28
1426 26 28
1427 27 28
1428 28 28
1429 29 28
1430 30 28
1431 31 28
1432 32 28
1433 33 28
1434 34 28
1435 35 28
1436 36 28
1437 37 28
1438 38 28
1439 39 28
1440 40 28
1441 41 28
1442 42 28
1443 43 28
1444 44 28
1445 45 28
1446 46 28
1447 47 28
1448 48 28
1449 49 28
1450 0 29
1451 1 29
1452 2 29
1453 3 29
1454 4 29
1455 5 29
1456 6 29
1457 7 29
1458 8 29
1459 9 29
1460 10 29
1461 11 29
1462 12 29
1463 13 29
1464 14 29
1465 15 29
1466 16 29
1467 17 29
1468 18 29
1469 19 29
1470 20 29
1471 21 29
1472 22 29
1473 23 29
1474 24 29
1475 25 29
1476 26 29
1477 27 29
1478 28 29
1479 29 29
1480 30 29
1481 31 29
1482 32 29
1483 33 29
1484 34 29
1485 35 29
1486 36 29
1487 37 29
1488 38 29
1489 39 29
1490 40 29
1491 41 29
1492 42 29
1493 43 29
1494 44 29
1495 45 29
1496 46 29
1497 47 29
1498 48 29
1499 49 29
1500 0 30
1501 1 30
1502 2 30
1503 3 30
1504 4 30
1505 5 30
1506 6 30
1507 7 30
1508 8 30
1509 9 30
1510 10 30
1511 11 30
1512 12 30
1513 13 30
1514 14 30
1515 15 30
1516 16 30
1517 17 30
1518 18 30
1519 19 30
1520 20 30
1521 21 30
1522 22 30
1523 23 30
1524 24 30
1525 25 30
1526 26 30
1527 27 30
1528 28 30
1529 29 30
1530 30 30
1531 31 30
1532 32 30
1533 33 30
1534 34 30
1535 35 30
1536 36 30
1537 37 30
1538 38 30
1539 39 30
1540 40 30
1541 41 30
1542 42 30
1543 43 30
1544 44 30
1545 45 30
1546 46 30
1547 47 30
1548 48 30
1549 49 30
1550 0 31
1551 1 31
1552 2 31
1553 3 31
1554 4 31
1555 5 31
1556 6 31
1557 7 31
1558 8 31
1559 9 31
1560 10 31
1561 11 31
1562 12 31
1563 13 31
1564 14 31
1565 15 31
1566 16 31
1567 17 31
1568 18 31
1569 19 31
1570 20 31
1571 21 31
1572 22 31
1573 23 31
1574 24 31
1575 25 31
1576 26 31
1577 27 31
1578 28 31
1579 29 31
1580 30 31
1581 31 31
1582 32 31
1583 33 31
1584 34 31
1585 35 31
1586 36 31
1587 37 31
1588 38 31
1589 39 31
1590 40 31
1591 41 31
1592 42 31
1593 43 31
1594 44 31
1595 45 31
1596 46 31
1597 47 31
1598 48 31
1599 49 31
1600 0 32
1601 1 32
1602 2 32
1603 3 32
1604 4 32
1605 5 32
1606 6 32
1607 7 32
1608 8 32
1609 9 32
1610 10 32
1611 11 32
1612 12 32
1613 13 32
1614 14 32
1615 15 32
1616 16 32
1617 17 32
1618 18 32
1619 19 32
1620 20 32
1621 21 32
1622 22 32
1623 23 32
1624 24 32
1625 25 32
1626 26 32
1627 27 32
1628 28 32
1629 29 32
1630 30 32
1631 31 32
1632 32 32
1633 33 32
1634 34 32
1635 35 32
1636 36 32
1637 37 32
1638 38 32
1639 39 32
1640 40 32
1641 41 32
1642 42 32
1643 43 32
1644 44 32
1645 45 32
1646 46 32
1647 47 32
1648 48 32
1649 49 32
1650 0 33
1651 1 33
1652 2 33
1653 3 33
1654 4 33
1655 5 33
1656 6 33
1657 7 33
1658 8 33
1659 9 33
1660 10 33
1661 11 33
1662 12 33
1663 13 33
1664 14 33
1665 15 33
1666 16 33
1667 17 33
1668 18 33
1669 19 33
1670 20 33
1671 21 33
1672 22 33
1673 23 33
1674 24 33
1675 25 33
1676 26 33
1677 27 33
1678 28 33
1679 29 33
1680 30 33
1681 31 33
1682 32 33
1683 33 33
1684 34 33
1685 35 33
1686 36 33
1687 37 33
1688 38 33
1689 39 33
1690 40 33
1691 41 33
1692 42 33
1693 43 33
1694 44 33
1695 45 33
1696 46 33
1697 47 33
1698 48 33
1699 49 33
1700 0 34
1701 1 34
1702 2 34
1703 3 34
1704 4 34
1705 5 34
1706 6 34
1707 7 34
1708 8 34
1709 9 34
1710 10 34
1711 11 34
1712 12 34
1713 13 34
1714 14 34
1715 15 34
1716 16 34
1717 17 34
1718 18 34
1719 19 34
1720 20 34
1721 21 34
1722 22 34
1723 23 34
1724 24 34
1725 25 34
1726 26 34
1727 27 34
1728 28 34
1729 29 34
1730 30 34
1731 31 34
1732 32 34
1733 33 34
1734 34 34
1735 35 34
1736 36 34
1737 37 34
1738 38 34
1739 39 34
1740 40 34
1741 41 34
1742 42 34
1743 43 34
1744 44 34
1745 45 34
1746 46 34
1747 47 34
1748 48 34
1749 49 34
1750 0 35
1751 1 35
1752 2 35
1753 3 35
1754 4 35
1755 5 35
1756 6 35
1757 7 35
1758 8 35
1759 9 35
1760 10 35
1761 11 35
1762 12 35
1763 13 35
1764 14 35
1765 15 35
1766 16 35
1767 17 35
1768 18 35
1769 19 35
1770 20 35
1771 21 35
1772 22 35
1773 23 35
1774 24 35
1775 25 35
1776 26 35
1777 27 35
1778 28 35
1779 29 35
1780 30 35
1781 31 35
1782 32 35
1783 33 35
1784 34 35
1785 35 35
1786 36 35
1787 37 35
1788 38 35
1789 39 35
1790 40 35
1791 41 35
1792 42 35
1793 43 35
1794 44 35
1795 45 35
1796 46 35
1797 47 35
1798 48 35
1799 49 35
1800 0 36
1801 1 36
1802 2 36
1803 3 36
1804 4 36
1805 5 36
1806 6 36
1807 7 36
1808 8 36
1809 9 36
1810 10 36
1811 11 36
1812 12 36
1813 13 36
1814 14 36
1815 15 36
1816 16 36
1817 17 36
1818 18 36
1819 19 36
1820 20 36
1821 21 36
1822 22 36
1823 23 36
1824 24 36
1825 25 36
1826 26 36
1827 27 36
1828 28 36
1829 29 36
1830 30 36
1831 31 36
1832 32 36
1833 33 36
1834 34 36
1835 35 36
1836 36 36
1837 37 36
1838 38 36
1839 39 36
1840 40 36
1841 41 36
1842 42 36
1843 43 36
1844 44 36
1845 45 36
1846 46 36
1847 47 36
1848 48 36
1849 49 36
1850 0 37
1851 1 37
1852 2 37
1853 3 37
1854 4 37
1855 5 37
1856 6 37
1857 7 37
1858 8 37
1859 9 37
1860 10 37
1861 11 37
1862 12 37
1863 13 37
1864 14 37
1865 15 37
1866 16 37
1867 17 37
1868 18 37
1869 19 37
1870 20 37
1871 21 37
1872 22 37
1873 23 37
1874 24 37
1875 25 37
1876 26 37
1877 27 37
1878 28 37
1879 29 37
1880 30 37
1881 31 37
1882 32 37
1883 33 37
1884 34 37
1885 35 37
1886 36 37
1887 37 37
1888 38 37
1889 39 37
1890 40 37
1891 41 37
1892 42 37
1893 43 37
1894 44 37
1895 45 37
1896 46 37
1897 47 37
1898 48 37
1899 49 37
1900 0 38
1901 1 38
1902 2 38
1903 3 38
1904 4 38
1905 5 38
1906 6 38
1907 7 38
1908 8 38
1909 9 38
1910 10 38
1911 11 38
1912 12 38
1913 13 38
1914 14 38
1915 15 38
1916 16 38
1917 17 38
1918 18 38
1919 19 38
1920 20 38
1921 21 38
1922 22 38
1923 23 38
1924 24 38
1925 25 38
1926 26 38
1927 27 38
1928 28 38
1929 29 38
1930 30 38
1931 31 38
1932 32 38
1933 33 38
1934 34 38
1935 35 38
1936 36 38
1937 37 38
1938 38 38
1939 39 38
1940 40 38
1941 41 38
1942 42 38
1943 43 38
1944 44 38
1945 45 38
1946 46 38
1947 47 38
1948 48 38
1949 49 38
1950 0 39
1951 1 39
1952 2 39
1953 3 39
1954 4 39
1955 5 39
1956 6 39
1957 7 39
1958 8 39
1959 9 39
1960 10 39
1961 11 39
1962 12 39
1963 13 39
1964 14 39
1965 15 39
1966 16 39
1967 17 39
1968 18 39
1969 19 39
1970 20 39
1971 21 39
1972 22 39
1973 23 39
1974 24 39
1975 25 39
1976 26 39
1977 27 39
1978 28 39
1979 29 39
1980 30 39
1981 31 39
1982 32 39
1983 33 39
1984 34 39
1985 35 39
1986 36 39
1987 37 39
1988 38 39
1989 39 39
1990 40 39
1991 41 39
1992 42 39
1993 43 39
1994 44 39
1995 45 39
1996 46 39
1997 47 39
1998 48 39
1999 49 39
2000 0 40
2001 1 40
2002 2 40
2003 3 40
2004 4 40
2005 5 40
2006 6 40
2007 7 40
2008 8 40
2009 9 40
2010 10 40
2011 11 40
2012 12 40
2013 13 40
2014 14 40
2015 15 40
2016 16 40
2017 17 40
2018 18 40
2019 19 40
2020 20 40
2021 21 40
2022 22 40
2023 23 40
2024 24 40
2025 25 40
2026 26 40
2027 27 40
2028 28 40
2029 29 40
2030 30 40
2031 31 40
2032 32 40
2033 33 40
2034 34 40
2035 35 40
2036 36 40
2037 37 40
2038 38 40
2039 39 40
2040 40 40
2041 41 40
2042 42 40
2043 43 40
2044 44 40
2045 45 40
2046 46 40
2047 47 40
2048 48 40
2049 49 40
2050 0 41
2051 1 41
2052 2 41
2053 3 41
2054 4 41
2055 5 41
2056 6 41
2057 7 41
2058 8 41
2059 9 41
2060 10 41
2061 11 41
2062 12 41
2063 13 41
2064 14 41
2065 15 41
2066 16 41
2067 17 41
2068 18 41
2069 19 41
2070 20 41
2071 21 41
2072 22 41
2073 23 41
2074 24 41
2075 25 41
2076 26 41
2077 27 41
2078 28 41
2079 29 41
2080 30 41
2081 31 41
2082 32 41
2083 33 41
2084 34 41
2085 35 41
2086 36 41
2087 37 41
2088 38 41
2089 39 41
2090 40 41
2091 41 41
2092 42 41
2093 43 41
2094 44 41
2095 45 41
2096 46 41
2097 47 41
2098 48 41
2099 49 41
2100 0 42
2101 1 42
2102 2 42
2103 3 42
2104 4 42
2105 5 42
2106 6 42
2107 7 42
2108 8 42
2109 9 42
2110 10 42
2111 11 42
2112 12 42
2113 13 42
2114 14 42
2115 15 42
2116 16 42
2117 17 42
2118 18 42
2119 19 42
2120 20 42
2121 21 42
2122 22 42
2123 23 42
2124 24 42
2125 25 42
2126 26 42
2127 27 42
2128 28 42
2129 29 42
2130 30 42
2131 31 42
2132 32 42
2133 33 42
2134 34 42
2135 35 42
2136 36 42
2137 37 42
2138 38 42
2139 39 42
2140 40 42
2141 41 42
##end
2142 42 42
2143 43 42
2144 44 42
2145 45 42
2146 46 42
2147 47 42
2148 48 42
2149 49 42
2150 0 43
2151 1 43
2152 2 43
2153 3 43
2154 4 43
2155 5 43
2156 6 43
2157 7 43
2158 8 43
2159 9 43
2160 10 43
2161 11 43
2162 12 43
2163 13 43
2164 14 43
2165 15 43
2166 16 43
2167 17 43
2168 18 43
2169 19 43
2170 20 43
2171 21 43
2172 22 43
2173 23 43
2174 24 43
2175 25 43
2176 26 43
2177 27 43
2178 28 43
2179 29 43
2180 30 43
2181 31 43
2182 32 43
2183 33 43
2184 34 43
2185 35 43
2186 36 43
2187 37 43
2188 38 43
2189 39 43
2190 40 43
2191 41 43
2192 42 43
2193 43 43
2194 44 43
2195 45 43
2196 46 43
2197 47 43
2198 48 43
2199 49 43
2200 0 44
2201 1 44
2202 2 44
2203 3 44
2204 4 44
2205 5 44
2206 6 44
2207 7 44
2208 8 44
2209 9 44
2210 10 44
2211 11 44
2212 12 44
2213 13 44
2214 14 44
2215 15 44
2216 16 44
2217 17 44
2218 18 44
2219 19 44
2220 20 44
2221 21 44
2222 22 44
2223 23 44
2224 24 44
2225 25 44
2226 26 44
2227 27 44
2228 28 44
2229 29 44
2230 30 44
2231 31 44
2232 32 44
2233 33 44
2234 34 44
2235 35 44
2236 36 44
2237 37 44
2238 38 44
2239 39 44
2240 40 44
2241 41 44
2242 42 44
2243 43 44
2244 44 44
2245 45 44
2246 46 44
2247 47 44
2248 48 44
2249 49 44
2250 0 45
2251 1 45
2252 2 45
2253 3 45
2254 4 45
2255 5 45
2256 6 45
2257 7 45
2258 8 45
2259 9 45
2260 10 45
2261 11 45
2262 12 45
2263 13 45
2264 14 45
2265 15 45
2266 16 45
2267 17 45
2268 18 45
2269 19 45
2270 20 45
2271 21 45
2272 22 45
2273 23 45
2274 24 45
2275 25 45
2276 26 45
2277 27 45
2278 28 45
2279 29 45
2280 30 45
2281 31 45
2282 32 45
2283 33 45
2284 34 45
2285 35 45
2286 36 45
2287 37 45
2288 38 45
2289 39 45
2290 40 45
2291 41 45
2292 42 45
2293 43 45
2294 44 45
2295 45 45
2296 46 45
2297 47 45
2298 48 45
2299 49 45
2300 0 46
2301 1 46
2302 2 46
2303 3 46
2304 4 46
2305 5 46
2306 6 46
2307 7 46
2308 8 46
2309 9 46
2310 10 46
2311 11 46
2312 12 46
2313 13 46
2314 14 46
2315 15 46
2316 16 46
2317 17 46
2318 18 46
2319 19 46
2320 20 46
2321 21 46
2322 22 46
2323 23 46
2324 24 46
2325 25 46
2326 26 46
2327 27 46
2328 28 46
2329 29 46
2330 30 46
2331 31 46
2332 32 46
2333 33 46
2334 34 46
2335 35 46
2336 36 46
2337 37 46
2338 38 46
2339 39 46
2340 40 46
2341 41 46
2342 42 46
2343 43 46
2344 44 46
2345 45 46
2346 46 46
2347 47 46
2348 48 46
2349 49 46
2350 0 47
2351 1 47
2352 2 47
2353 3 47
2354 4 47
2355 5 47
2356 6 47
2357 7 47
2358 8 47
2359 9 47
2360 10 47
2361 11 47
2362 12 47
2363 13 47
2364 14 47
2365 15 47
2366 16 47
2367 17 47
2368 18 47
2369 19 47
2370 20 47
2371 21 47
2372 22 47
2373 23 47
2374 24 47
2375 25 47
2376 26 47
2377 27 47
2378 28 47
2379 29 47
2380 30 47
2381 31 47
2382 32 47
2383 33 47
2384 34 47
2385 35 47
2386 36 47
2387 37 47
2388 38 47
2389 39 47
2390 40 47
2391 41 47
2392 42 47
2393 43 47
2394 44 47
2395 45 47
2396 46 47
2397 47 47
2398 48 47
2399 49 47
2400 0 48
2401 1 48
2402 2 48
2403 3 48
2404 4 48
2405 5 48
2406 6 48
2407 7 48
2408 8 48
2409 9 48
2410 10 48
2411 11 48
2412 12 48
2413 13 48
2414 14 48
2415 15 48
2416 16 48
2417 17 48
2418 18 48
2419 19 48
2420 20 48
2421 21 48
2422 22 48
2423 23 48
2424 24 48
2425 25 48
2426 26 48
2427 27 48
2428 28 48
2429 29 48
2430 30 48
2431 31 48
2432 32 48
2433 33 48
2434 34 48
2435 35 48
2436 36 48
2437 37 48
2438 38 48
2439 39 48
2440 40 48
2441 41 48
2442 42 48
2443 43 48
2444 44 48
2445 45 48
2446 46 48
2447 47 48
2448 48 48
2449 49 48
2450 0 49
2451 1 49
2452 2 49
2453 3 49
2454 4 49
2455 5 49
2456 6 49
2457 7 49
2458 8 49
2459 9 49
2460 10 49
2461 11 49
2462 12 49
2463 13 49
2464 14 49
2465 15 49
2466 16 49
2467 17 49
2468 18 49
2469 19 49
2470 20 49
2471 21 49
2472 22 49
2473 23 49
2474 24 49
2475 25 49
2476 26 49
2477 27 49
2478 28 49
2479 29 49
2480 30 49
2481 31 49
2482 32 49
2483 33 49
2484 34 49
2485 35 49
2486 36 49
2487 37 49
2488 38 49
2489 39 49
2490 40 49
2491 41 49
2492 42 49
2493 43 49
2494 44 49
2495 45 49
2496 46 49
2497 47 49
2498 48 49
2499 49 49
1482-1483
2204-2205
2404-2405
1576-1577
530-531
1246-1247
1374-1424
735-736
1503-1504
1969-1970
2384-2385
468-469
692-693
384-434
610-660
1122-1172
793-794
2387-2437
577-627
246-296
724-774
2102-2152
931-932
1443-1444
1829-1830
363-413
767-817
911-961
1641-1642
882-883
619-620
1131-1132
1591-1592
529-530
2081-2082
1717-1718
263-313
1991-2041
198-248
676-726
966-1016
1444-1494
1668-1718
719-720
1880-1930
2373-2374
114-164
1756-1806
989-1039
150-200
1878-1928
2326-2376
103-104
106-156
1466-1516
1763-1764
1214-1215
382-432
1858-1859
1621-1622
99-149
867-917
1017-1018
68-118
37-87
1765-1815
536-586
1304-1354
1206-1207
1974-1975
2122-2123
1597-1598
1712-1762
226-227
524-574
850-851
1198-1199
1822-1823
2402-2403
13-63
1535-1536
2047-2048
753-754
2080-2130
2370-2420
87-137
567-617
1079-1129
2263-2313
1205-1255
376-426
1848-1898
2232-2282
489-539
644-645
1412-1413
2319-2369
1019-1069
1001-1002
1513-1514
638-639
252-302
508-558
1020-1070
1724-1774
2193-2194
821-822
259-309
1475-1525
2340-2390
71-72
515-516
1178-1228
1731-1732
2383-2384
1625-1675
650-651
886-887
1162-1163
1398-1399
2354-2404
1007-1057
1711-1761
2440-2441
1310-1360
2141-2191
447-448
1439-1440
404-405
1644-1645
985-986
1396-1446
629-679
2346-2396
1944-2142
1065-1115
861-862
2021-2022
2492-2493
1680-1730
43-93
1417-1418
2363-2413
357-559
194-195
1598-1648
2093-2143
19-20
1747-1748
97-98
154-155
870-871
935-985
1447-1497
2425-2426
902-952
2054-2104
251-252
714-764
1226-1276
2427-2428
189-190
957-958
395-445
146-147
606-607
914-915
1692-1742
2175-2176
1120-1121
2225-2226
2132-2133
2476-2477
1218-1268
1696-1746
2402-2452
822-872
1334-1384
2459-2460
357-453
252-253
592-642
1104-1154
1679-1729
2217-2218
1650-1651
462-512
2446-2447
235-236
1207-1208
1651-1652
2411-2412
256-257
173-174
373-374
941-942
728-778
1096-1146
2329-2379
1989-1990
1883-1933
211-357
604-654
1372-1422
65-66
236-237
96-146
576-626
759-809
1271-1321
2272-2322
2419-2469
726-776
219-220
623-624
682-732
1194-1244
1983-2033
457-458
2111-2161
958-1008
1470-1520
357-503
1355-1356
1815-1816
934-935
333-334
2005-2006
675-725
1048-1049
1816-1817
2264-2265
2276-2326
2491-2492
2266-2316
220-221
2076-2077
560-610
1072-1122
2161-2211
1618-1619
2018-2019
2078-2079
2316-2366
2478-2479
607-608
480-481
1552-1553
2256-2257
1506-1556
183-233
921-922
118-168
852-902
341-391
1064-1114
1464-1514
1257-1307
1957-1958
895-945
1407-1457
510-511
572-622
1340-1390
1133-1183
2429-2479
1589-1590
1940-2142
391-441
70-120
548-598
1540-1590
591-592
538-588
2307-2308
266-267
502-503
754-804
1522-1572
223-273
1951-2001
2143-2193
46-96
926-976
1438-1488
2082-2132
1303-1353
56-57
756-806
1716-1766
2287-2288
2298-2348
477-478
2108-2109
1086-1087
1986-1987
2366-2416
813-863
151-152
1325-1375
48-49
448-449
486-487
1190-1240
1670-1720
1125-1175
1893-1943
1432-1482
2121-2171
1078-1079
1636-1637
2460-2461
40-41
478-479
1570-1571
1101-1151
625-626
774-775
1274-1275
2092-2093
2099-2149
1985-2035
2113-2163
2260-2310
1077-1127
2211-2212
293-294
516-517
976-1026
2384-2434
2303-2353
2447-2497
654-655
14-64
1266-1267
1742-1792
2027-2028
2487-2488
1569-1570
1461-1462
131-181
2212-2262
2245-2295
2063-2064
200-250
1753-1803
278-279
1770-1771
2198-2199
731-781
1499-1549
2252-2302
454-455
756-757
1292-1293
192-242
277-327
2197-2247
1146-1196
1808-1858
831-881
1343-1393
66-67
446-447
1107-1108
1675-1676
1875-1876
1242-1243
1702-1703
2394-2395
85-86
853-854
291-341
2297-2298
2403-2453
1083-1084
1544-1594
1801-1851
438-439
61-62
740-741
1308-1309
176-226
881-931
1234-1235
238-288
1564-1614
1838-1839
2386-2387
2289-2290
578-628
1090-1140
1824-1874
1975-2025
1537-1587
1428-1478
437-487
679-680
168-218
1384-1434
2344-2394
124-125
413-414
892-893
2027-2077
2089-2090
2129-2179
444-494
1260-1310
1516-1566
1005-1055
1579-1580
2029-2079
2227-2228
384-385
45-46
501-502
1261-1262
2357-2358
1862-1912
410-460
2166-2167
901-902
562-612
799-849
1311-1361
2015-2065
305-355
2397-2447
1055-1056
1921-1922
1210-1211
108-109
876-877
1625-1626
564-614
1076-1126
91-92
1767-1768
297-347
229-230
2141-2142
144-194
571-621
2185-2186
2347-2397
846-847
1202-1203
267-268
1483-1484
1943-1944
2150-2151
2458-2459
405-406
1677-1678
103-153
1063-1113
1944-1945
2136-2137
2279-2329
550-600
2438-2488
1915-1916
136-186
2394-2444
714-715
1226-1227
1706-1707
2390-2391
92-93
860-861
2493-2494
1352-1353
1832-1833
2248-2249
1186-1187
412-462
1646-1647
1954-1955
2142-2143
2188-2238
2450-2451
2128-2129
390-391
634-635
2388-2389
1228-1229
1708-1709
128-178
1747-1797
1784-1785
833-883
1345-1395
980-1030
107-157
1535-1585
1705-1706
2047-2097
273-323
1358-1408
1847-1848
1520-1521
2477-2478
357-558
519-520
1112-1162
1735-1736
2179-2180
618-619
197-198
882-932
539-589
520-521
1512-1513
1612-1662
2140-2190
2142-2238
1245-1295
1431-1481
918-968
1110-1160
2070-2120
871-872
1210-1260
2159-2160
2426-2476
697-747
210-260
447-497
585-586
2238-2288
23-24
1751-1752
602-603
280-281
1752-1753
805-855
649-699
1417-1467
1853-1854
1968-2018
2146-2147
478-528
1804-1854
303-357
272-273
1488-1489
1568-1569
855-905
897-947
2132-2182
2422-2472
687-688
120-170
744-794
1080-1130
165-166
2175-2225
1282-1283
620-670
1580-1630
2172-2222
365-415
1195-1196
1655-1656
1963-1964
3-53
1219-1269
742-792
2084-2134
839-840
1795-1796
665-715
1881-1931
415-465
1263-1313
1631-1681
2184-2185
1054-1104
1454-1504
191-192
671-672
1183-1184
884-885
1164-1165
1314-1364
1794-1844
1683-1733
1241-1242
2209-2259
180-230
948-998
611-612
1596-1597
1936-1986
187-237
955-1005
1341-1391
787-788
1547-1548
2003-2004
576-577
721-722
1456-1457
2074-2075
525-526
2169-2170
357-407
2171-2172
602-652
457-507
668-669
868-869
1180-1181
1380-1381
1661-1662
1355-1405
1448-1449
290-291
110-160
878-928
1006-1007
333-383
672-673
2161-2162
588-589
1324-1325
1748-1749
1952-2002
2146-2196
595-645
1363-1413
1587-1637
449-499
1819-1820
1020-1021
1422-1472
1907-1908
2155-2156
1133-1134
2229-2230
1477-1527
579-580
1295-1296
1496-1546
217-267
985-1035
1650-1700
155-205
923-973
2267-2317
433-483
1996-2046
1309-1359
1004-1005
864-914
1856-1906
1527-1577
2163-2213
1494-1544
1685-1735
879-880
1639-1640
2275-2276
425-475
16-66
1359-1409
201-202
974-975
1074-1075
1662-1712
139-140
339-340
907-908
2253-2254
1337-1338
1124-1174
1604-1654
315-316
8-58
776-826
2328-2378
1066-1067
1834-1835
2262-2263
988-989
2276-2277
302-303
670-671
1246-1296
2060-2110
863-864
1375-1376
1329-1330
0-50
1177-1178
1656-1657
1319-1320
696-746
1208-1258
2479-2480
2436-2437
1682-1732
527-577
747-797
1833-1834
2299-2349
401-451
642-643
1964-2014
2044-2094
1015-1016
1459-1460
657-658
135-185
1351-1401
804-854
1316-1366
1796-1846
1285-1335
847-848
1418-1468
1607-1608
2051-2052
1541-1542
367-417
1327-1377
814-864
605-655
1117-1167
2463-2464
129-130
1684-1685
2412-2413
674-724
1410-1460
609-659
1511-1512
2395-2396
825-875
956-957
1092-1093
2397-2398
338-388
254-304
2110-2160
1623-1624
192-193
816-817
1690-1691
2406-2407
533-534
408-409
1401-1402
1624-1625
2086-2136
933-983
664-714
1176-1226
1700-1701
2396-2397
1675-1725
2398-2399
1932-1982
639-640
400-401
881-882
1030-1031
2170-2171
460-461
596-597
940-941
1108-1109
1452-1453
1588-1589
153-357
947-997
667-668
1435-1436
37-38
772-773
1284-1285
208-258
2128-2178
635-685
2191-2241
910-911
782-832
311-312
1523-1524
1653-1654
870-920
69-119
837-887
967-968
968-1018
1479-1480
1923-1924
2120-2170
793-843
22-23
2026-2027
2142-2338
2226-2276
76-126
844-894
276-277
1012-1013
1036-1037
1772-1773
1632-1682
1555-1605
2081-2131
1558-1608
21-71
2218-2268
2233-2283
719-769
471-472
915-916
2327-2328
1251-1301
1507-1557
996-1046
1220-1270
1988-2038
2020-2070
997-1047
2341-2391
730-780
986-1036
2010-2060
2185-2235
540-541
996-997
1052-1053
1508-1509
1648-1698
2288-2338
267-317
1483-1533
1137-1187
2130-2131
1820-1870
1677-1727
800-801
1312-1313
2096-2142
2177-2227
1654-1704
2388-2438
1621-1671
935-936
936-986
1447-1448
1784-1834
2280-2330
617-667
18-68
44-94
812-862
1660-1710
2364-2414
893-943
51-52
819-820
128-129
245-246
2101-2102
2278-2328
389-439
1423-1424
10-60
778-828
2375-2376
345-395
1157-1158
1647-1697
396-397
2-52
403-453
1881-1882
1263-1264
2031-2032
1757-1758
1033-1034
467-468
11-12
2323-2324
1761-1762
1306-1307
1766-1767
1933-1934
2325-2326
871-921
1465-1466
806-856
1286-1336
2182-2232
904-954
585-635
1962-1963
2134-2135
381-382
2148-2149
1810-1811
2286-2287
2414-2464
352-353
1457-1458
1680-1681
134-135
890-891
212-213
980-981
1204-1205
1972-1973
2124-2125
2131-2181
537-538
758-808
1236-1286
213-263
675-676
2000-2050
875-925
1961-1962
2427-2477
1233-1283
1489-1539
590-640
1102-1152
1041-1042
1809-1810
365-366
7-57
1223-1273
1667-1717
710-760
1156-1206
1924-1974
1231-1232
1736-1786
2115-2116
874-875
1386-1387
2117-2118
1729-1730
2369-2370
314-315
1734-1735
1556-1557
1651-1701
737-787
1249-1299
1505-1555
618-668
953-1003
2320-2370
191-241
1865-1866
306-307
126-176
894-944
858-859
1318-1319
1741-1742
611-661
761-762
1273-1274
1571-1621
356-406
836-886
1348-1398
2312-2362
298-299
1750-1751
1572-1573
2032-2082
1547-1597
2417-2467
497-547
738-739
1310-1311
525-575
1265-1266
2033-2034
2304-2354
1967-1968
1000-1050
1704-1754
2409-2459
1693-1694
1787-1837
745-746
1150-1151
1918-1919
1980-2030
2178-2179
158-357
509-559
2295-2296
1697-1698
771-821
998-1048
2374-2424
1669-1719
921-971
630-631
1418-1419
2098-2148
159-209
1887-1937
2335-2385
1585-1635
2350-2400
959-960
326-327
148-149
916-917
1720-1721
2360-2361
2088-2142
1652-1702
2100-2150
1141-1191
1627-1628
314-364
1909-1959
2090-2140
2105-2155
324-325
605-606
1117-1118
811-861
2107-2157
318-319
706-707
1803-1804
2455-2456
2352-2353
609-610
2001-2002
1856-1857
614-615
922-923
1126-1127
1434-1435
781-782
1293-1294
1639-1689
422-472
2213-2263
763-764
858-908
1672-1722
201-251
310-311
701-702
139-189
712-713
907-957
1192-1193
1886-1887
2210-2211
1948-1998
658-659
1118-1119
1426-1427
2253-2303
928-929
1440-1441
506-507
308-309
2220-2221
1184-1234
193-243
1300-1350
309-359
291-292
2005-2055
2203-2204
285-286
1553-1603
498-499
974-1024
1550-1551
2382-2432
747-748
1139-1140
0-1
117-118
685-686
885-886
1453-1454
323-373
2150-2200
2247-2248
490-491
1714-1764
1115-1165
177-227
577-578
1569-1619
1941-1991
731-732
1135-1136
169-219
702-752
445-495
1611-1612
2195-2196
474-475
77-78
1237-1238
1955-2005
452-502
2235-2236
509-510
2365-2366
1777-1827
46-47
284-334
466-467
926-927
1438-1439
224-225
1808-1809
2142-2339
471-521
695-745
1912-1913
2433-2483
596-646
886-936
1108-1158
1398-1448
85-135
303-304
853-903
1063-1064
2223-2224
1657-1707
2297-2347
2322-2372
639-689
145-195
254-255
1361-1411
2348-2398
2219-2220
1937-1938
493-494
1095-1145
1539-1589
582-632
1028-1078
517-567
1029-1079
1050-1100
1103-1104
1671-1672
1818-1868
2314-2364
10-11
246-247
778-779
1014-1015
1797-1798
1010-1060
111-161
648-649
735-785
1384-1385
413-463
287-288
2207-2208
442-443
1606-1607
357-556
1779-1829
345-346
568-569
1559-1609
865-915
1377-1427
1268-1318
2265-2266
245-295
501-551
746-796
1258-1308
1514-1564
221-222
989-990
1637-1638
82-132
2448-2498
427-477
265-266
434-435
1534-1584
663-664
1879-1880
337-338
230-231
998-999
1945-2142
397-398
1813-1814
295-345
152-153
633-634
1145-1146
1880-1881
2215-2265
2440-2490
426-427
1622-1623
552-553
222-223
350-400
1826-1827
144-145
1137-1138
2380-2381
2432-2482
2294-2344
156-357
805-806
1565-1566
1915-1965
617-618
1166-1167
55-56
755-756
1267-1268
1057-1058
1825-1826
693-694
455-505
899-949
1411-1461
2311-2361
388-438
2371-2372
344-394
2009-2059
1605-1606
987-1037
2011-2061
220-270
476-526
988-1038
198-199
966-967
20-21
1268-1269
480-530
704-754
1811-1861
342-392
1814-1864
789-839
739-740
442-492
2415-2416
975-1025
1999-2049
190-191
834-835
2430-2480
597-598
35-85
803-853
229-279
2085-2135
1610-1660
1033-1083
182-183
950-951
573-574
1789-1790
688-738
1904-1954
11-61
1933-1983
1056-1106
1346-1396
1536-1586
1751-1801
2201-2202
1025-1075
1793-1843
1718-1768
181-231
1583-1584
312-362
2424-2474
1897-1947
2041-2091
157-158
636-637
925-926
1404-1405
2434-2435
188-238
1773-1823
1835-1836
557-558
1013-1014
451-501
133-183
707-708
154-204
1167-1168
2119-2120
2309-2359
89-139
1842-1892
687-737
1903-1953
49-99
817-867
286-336
2206-2256
2495-2496
620-621
1655-1705
372-422
1332-1382
859-860
1371-1372
1578-1628
41-91
2361-2411
997-998
656-706
1851-1901
1358-1359
574-624
1790-1840
2242-2243
211-212
2067-2068
1617-1618
2017-2018
2202-2203
2069-2070
1062-1112
1403-1404
2200-2250
1865-1915
604-605
1372-1373
1134-1135
156-206
1442-1443
1902-1903
2194-2195
1741-1791
2417-2418
96-97
1201-1202
1936-1937
902-903
1146-1147
2054-2055
640-690
1272-1273
2040-2041
1526-1576
2038-2088
1493-1543
2308-2309
655-705
1193-1194
2409-2410
2171-2221
17-67
626-627
785-835
1776-1777
2304-2305
2221-2222
2421-2422
2406-2456
965-966
347-397
1032-1033
1800-1801
1819-1869
1985-1986
2113-2114
1812-1813
2284-2285
1248-1298
1907-1957
1430-1480
1557-1607
2267-2268
874-924
1386-1436
1209-1259
722-772
1490-1540
959-1009
1709-1759
331-332
791-792
2007-2008
2451-2452
1114-1115
469-470
24-25
792-793
1240-1241
2008-2009
1317-1367
1723-1724
1828-1829
2268-2269
752-802
1264-1314
1803-1853
241-291
594-595
994-995
1054-1055
1292-1342
1454-1455
781-831
1293-1343
1791-1792
16-17
1744-1745
2336-2337
482-532
1367-1417
2231-2281
641-691
1153-1203
2166-2216
2471-2472
632-682
1256-1306
233-283
2153-2203
933-934
1554-1604
1538-1539
1132-1182
1900-1950
109-159
1143-1144
1451-1452
1911-1912
1953-1954
565-566
1781-1782
2439-2489
1254-1304
1925-1975
1283-1284
1177-1227
2314-2315
261-262
2181-2182
927-977
1119-1169
2079-2129
2094-2144
1537-1538
70-71
628-629
1140-1141
1570-1620
279-329
1939-1989
1976-1977
2104-2105
692-742
1123-1124
1274-1324
1530-1580
1891-1892
1084-1085
1852-1853
2244-2245
699-749
1467-1517
62-63
962-963
1938-2142
343-344
865-866
1377-1378
2096-2097
2496-2497
487-537
1703-1753
2342-2392
166-216
646-696
101-151
869-919
1019-1020
1114-1164
1531-1532
54-55
612-613
1436-1437
1917-1918
1611-1661
1992-1993
2088-2089
34-35
622-672
750-751
1262-1263
1390-1440
77-127
2271-2272
250-251
1670-1671
2426-2427
1100-1101
1868-1869
2228-2229
1474-1524
1075-1125
1843-1893
2073-2074
961-1011
1590-1640
53-103
1051-1052
1749-1799
357-555
29-30
1532-1533
2341-2342
242-243
206-256
1806-1807
2126-2176
2418-2419
1003-1004
1463-1464
289-290
2065-2066
1543-1593
1733-1783
2255-2256
1091-1092
1352-1402
1859-1860
2248-2298
729-779
234-235
1686-1687
2410-2411
1970-2020
667-717
1435-1485
945-995
1228-1278
833-834
1345-1346
1594-1595
268-269
1344-1394
2240-2290
275-325
2273-2323
1173-1223
987-988
784-834
713-714
718-719
1230-1231
2114-2115
2494-2495
83-84
651-652
851-852
218-219
678-679
2133-2134
2339-2389
1593-1594
2372-2422
59-60
520-570
2072-2122
265-315
2486-2487
1610-1611
253-254
1500-1501
368-418
2224-2274
2033-2083
210-211
28-78
814-815
2286-2336
397-447
288-338
768-818
951-1001
1144-1145
1280-1330
257-307
404-454
47-48
360-410
1320-1370
1913-1963
2025-2075
2180-2181
1170-1220
1938-1988
1259-1309
1807-1857
2281-2282
1039-1089
1065-1066
1922-1923
2174-2175
913-963
236-286
492-542
1154-1155
1196-1246
1789-1839
43-44
759-760
1271-1272
1715-1716
1648-1649
2432-2433
1943-2142
237-238
2093-2094
647-697
838-888
1927-1928
1674-1724
1503-1553
1928-1929
1326-1376
1694-1744
1373-1423
31-32
897-898
186-187
1862-1863
1186-1236
1954-2004
89-90
824-825
1336-1337
2165-2215
743-744
1594-1644
2139-2140
569-619
1081-1131
700-701
1212-1213
2277-2278
850-900
178-179
1581-1631
459-460
919-920
1328-1329
81-82
481-482
704-705
141-142
2317-2318
39-89
920-921
1112-1113
1255-1305
677-727
1189-1239
2184-2234
170-171
1878-1879
1188-1189
1956-1957
2140-2141
328-329
808-809
366-367
1164-1214
1919-1920
2142-2296
1616-1617
2464-2465
2438-2439
204-205
684-685
1364-1365
1844-1845
2176-2226
211-261
467-517
504-505
691-741
979-1029
1203-1253
1571-1572
1821-1822
1897-1898
2321-2371
1294-1344
1998-2048
823-824
496-497
1536-1537
1603-1653
614-664
1126-1176
581-631
711-712
2264-2314
88-138
1155-1156
1349-1399
537-587
534-535
1049-1099
488-489
1713-1763
588-638
960-1010
1472-1522
407-457
86-136
1046-1096
2262-2312
2019-2020
186-236
1402-1452
2258-2308
1231-1281
1599-1649
1725-1775
215-216
659-660
1171-1172
2470-2471
1613-1614
472-473
1764-1814
829-830
2045-2046
944-994
1634-1635
2030-2080
2462-2463
2143-2144
464-465
544-545
1760-1761
2320-2321
1839-1840
2168-2218
56-106
1272-1322
1640-1690
761-811
1273-1323
2213-2214
786-836
1298-1348
1681-1731
1790-1791
1916-1966
2108-2158
258-259
556-606
1148-1198
2413-2463
637-687
375-376
563-564
1149-1199
1331-1332
417-418
640-641
813-814
1325-1326
195-245
2053-2103
2127-2128
522-572
1290-1340
1987-1988
2074-2124
857-907
2290-2340
1567-1617
1967-2017
30-80
430-480
1693-1743
1855-1856
2239-2240
140-141
290-340
770-820
147-197
440-441
2401-2451
1697-1747
2292-2342
1781-1831
1519-1520
2282-2332
1939-2142
316-317
1732-1733
912-962
1618-1668
1707-1757
590-591
1102-1103
1854-1904
317-367
523-524
979-980
1739-1740
2142-2246
432-433
1873-1874
661-662
2405-2455
1147-1148
125-126
331-381
424-425
1608-1609
2338-2339
1042-1043
1630-1680
1758-1759
2158-2208
1759-1760
864-865
300-301
724-725
1460-1461
416-466
896-946
307-357
1305-1306
1408-1458
1634-1684
1601-1651
283-284
1955-1956
2052-2053
1387-1437
1791-1841
1935-1985
2153-2154
270-271
398-448
1906-1907
2190-2191
371-372
1643-1644
2291-2292
1297-1298
109-110
775-825
1287-1337
2435-2485
1222-1272
1700-1750
1990-2040
453-503
271-272
1487-1488
626-676
2203-2253
460-510
285-335
1501-1551
58-59
826-827
2292-2293
503-553
1139-1189
1687-1737
662-712
1174-1224
615-616
335-385
1353-1354
50-51
638-688
1726-1727
2370-2371
2187-2188
2387-2388
357-554
1229-1230
1997-1998
2389-2390
1123-1173
313-314
1529-1530
1891-1941
100-150
580-630
549-599
1061-1111
1560-1610
42-43
810-811
1238-1239
2006-2007
1060-1061
1520-1570
1250-1251
222-272
1036-1086
1874-1875
2350-2351
305-306
1521-1522
2048-2098
599-649
1111-1161
1591-1641
1717-1767
2215-2216
295-296
888-938
1400-1450
1455-1456
377-427
1513-1563
1668-1669
2428-2429
402-452
1275-1325
2025-2026
297-298
2449-2499
1406-1407
428-478
764-814
1276-1326
1532-1582
253-303
435-436
1021-1071
2347-2348
1845-1846
327-377
2183-2233
260-310
583-584
394-444
1027-1028
1690-1740
2243-2244
1674-1675
1910-1911
5-6
303-353
1519-1569
2223-2273
1710-1760
1471-1472
2177-2178
660-661
386-436
1497-1498
1908-1958
1397-1447
58-108
826-876
1577-1627
68-69
1373-1374
2386-2436
555-605
1067-1117
1673-1674
2382-2383
830-831
1218-1219
2302-2352
1597-1647
87-88
531-532
1043-1044
1344-1345
1489-1490
1712-1713
2240-2241
666-667
1382-1383
1959-2009
934-984
1926-1976
1738-1788
713-763
420-421
1213-1214
1981-1982
651-701
1374-1375
396-446
1632-1633
2448-2449
1018-1019
52-53
1846-1896
821-871
35-36
803-804
764-765
1276-1277
2085-2086
1616-1666
2162-2163
1678-1728
1259-1260
2359-2360
768-769
1280-1281
629-630
67-117
835-885
357-403
387-388
1752-1802
1002-1003
1942-1943
2154-2155
2418-2468
1202-1252
2056-2057
1628-1678
2124-2174
1565-1615
12-13
748-749
608-658
1088-1138
19-69
1783-1833
1057-1107
1825-1875
1750-1800
2407-2408
1706-1756
2410-2460
681-731
1615-1665
969-970
1481-1482
1982-2032
189-239
957-1007
1867-1868
986-987
1958-1959
2138-2139
845-846
1357-1358
227-277
483-533
1187-1237
196-246
964-1014
732-733
1244-1245
112-162
1584-1634
459-509
796-846
2014-2064
141-191
1631-1632
2317-2367
992-993
1504-1505
1762-1812
983-1033
1207-1257
1433-1434
2391-2441
630-680
1364-1414
597-647
104-154
1769-1819
2469-2470
2066-2116
1919-1969
1022-1023
2156-2206
380-430
1534-1535
1596-1646
1645-1695
1425-1426
1904-1905
2176-2177
2293-2294
903-953
1415-1465
1094-1144
1572-1622
2437-2487
1159-1160
1306-1356
2058-2108
2201-2251
522-523
758-759
1290-1291
1526-1527
1778-1828
623-673
1583-1633
558-608
1070-1120
1950-2000
157-207
925-975
954-955
2164-2165
2050-2100
1815-1865
857-858
1524-1574
2147-2148
733-734
1125-1126
1893-1894
171-221
9-10
939-989
1598-1599
1022-1072
2046-2096
2498-2499
1837-1887
203-204
1175-1176
2059-2060
2401-2402
560-561
225-226
960-961
282-283
742-743
1072-1073
1472-1473
909-910
1301-1302
2061-2062
807-857
441-442
262-312
1702-1752
2138-2188
938-939
1110-1111
2429-2430
72-73
1064-1065
274-275
94-144
862-912
990-991
1502-1503
1613-1663
2208-2209
433-434
656-657
1872-1873
2182-2183
1286-1287
1786-1787
2260-2261
1589-1639
1317-1318
1540-1541
1403-1453
425-426
209-259
465-515
526-576
1038-1088
1973-1974
2413-2414
199-249
643-693
2055-2105
132-182
900-950
712-762
790-791
1302-1303
1093-1094
1861-1862
1755-1805
193-194
710-711
532-533
2400-2450
151-201
954-1004
1855-1905
2239-2289
578-579
958-959
1090-1091
1470-1471
2254-2255
2443-2444
294-295
1754-1755
2214-2215
461-462
1109-1110
1877-1878
547-597
2404-2454
1595-1596
1098-1148
1866-1916
470-471
694-695
1462-1463
1085-1086
1764-1765
1200-1250
523-573
1739-1789
1393-1443
286-287
750-800
1262-1312
1890-1891
2206-2207
1602-1652
1206-1256
1684-1734
1974-2024
949-999
1461-1511
680-730
1703-1704
1896-1946
1385-1435
1529-1579
669-670
2283-2333
507-557
2063-2113
956-1006
1772-1822
1261-1311
161-162
896-897
1408-1409
963-1013
645-695
922-972
1434-1484
357-553
394-395
1413-1414
1074-1124
1823-1873
351-401
561-611
174-224
798-848
2046-2142
1087-1088
2433-2434
1722-1723
2374-2375
1132-1133
1900-1901
2196-2197
2210-2260
1143-1193
184-185
1911-1961
1953-2003
2145-2195
116-166
1588-1638
603-604
1066-1116
1834-1884
2279-2280
809-859
1321-1371
741-742
1253-1254
2236-2237
1168-1218
1083-1133
2366-2367
61-111
779-780
1995-1996
176-177
917-918
1429-1430
615-665
1575-1625
1721-1722
1542-1592
648-698
1353-1403
1738-1739
2249-2299
2358-2359
2187-2237
168-169
1864-1865
2344-2345
924-974
1229-1279
1997-2047
1740-1741
2356-2357
160-210
1890-1940
2227-2277
1857-1907
2241-2291
276-326
1492-1542
981-1031
2339-2340
2357-2407
619-669
1131-1181
529-579
14-15
142-192
2318-2368
115-116
2032-2033
2048-2049
2373-2423
1031-1032
2073-2123
406-407
1642-1643
709-710
1221-1222
1906-1956
91-141
1051-1101
1288-1289
1768-1769
2380-2430
29-79
1943-1993
289-339
405-455
1895-1896
1722-1772
978-1028
2002-2052
79-129
1097-1098
1471-1521
2255-2305
1197-1247
75-76
535-536
1047-1048
1965-2015
1574-1575
213-214
419-469
536-537
1304-1305
1211-1212
1979-1980
1673-1723
753-803
2094-2095
1502-1552
2332-2382
1279-1280
784-785
2000-2001
2080-2081
226-276
994-1044
1847-1897
376-377
1409-1459
2133-2183
39-40
121-171
677-678
1189-1190
337-387
1794-1795
1388-1438
2193-2243
2302-2303
877-927
1389-1439
2173-2223
2355-2356
368-369
71-121
515-565
1731-1781
4-54
1863-1864
2058-2059
2294-2295
773-774
47-97
360-361
1439-1489
2159-2209
1566-1616
1966-2016
703-704
1215-1216
1695-1696
1025-1026
1793-1794
582-583
1396-1397
1676-1677
2306-2356
1826-1876
499-549
23-73
243-293
1011-1061
1204-1254
1972-2022
2293-2343
1379-1380
357-358
2269-2270
2130-2180
2313-2314
2126-2127
1853-1903
855-856
1088-1089
1233-1234
1968-1969
2385-2386
2278-2279
1191-1241
344-345
2407-2457
1381-1431
613-663
1994-2044
969-1019
566-567
1481-1531
1692-1693
1892-1893
1867-1917
1480-1481
802-803
1518-1519
845-895
1357-1407
2038-2142
336-337
1696-1697
1356-1357
1580-1581
1619-1669
1473-1523
1078-1128
1556-1606
253-357
541-542
1872-1922
2411-2461
754-755
1934-1984
2103-2104
33-34
801-802
1645-1646
2246-2296
1989-2039
1347-1348
1551-1552
1241-1291
325-326
2162-2212
2268-2318
1821-1871
780-781
2028-2029
2068-2069
1888-1938
787-837
278-328
2198-2248
1391-1392
1962-2012
2151-2152
2154-2204
937-987
1449-1499
528-578
1040-1090
1871-1921
1486-1487
1586-1587
2238-2239
595-596
1163-1164
1363-1364
1931-1932
2147-2197
1636-1686
2116-2166
2277-2327
827-828
330-380
1032-1082
1339-1340
1800-1850
9-59
1098-1099
1866-1867
2230-2231
765-766
880-930
1840-1890
203-253
2059-2109
354-355
722-723
1326-1327
1758-1808
1694-1695
2274-2275
909-959
1887-1888
2061-2111
1585-1586
32-82
322-372
215-265
512-562
2135-2185
1-51
769-819
148-198
438-488
916-966
2229-2279
559-560
504-554
1016-1066
1720-1770
2360-2410
2205-2206
1295-1345
1515-1565
1617-1667
1410-1411
2300-2350
160-357
493-543
811-812
1527-1528
1971-1972
2045-2095
1169-1170
2307-2357
1828-1878
143-144
1359-1360
1930-1980
2202-2252
306-356
879-929
1416-1417
1640-1641
1839-1889
2097-2147
1182-1232
1629-1679
543-544
2142-2343
641-642
1153-1154
2452-2453
1442-1492
1666-1716
375-425
417-467
1633-1683
308-358
2420-2470
2023-2024
298-348
1337-1387
1468-1469
1604-1605
315-365
2091-2141
690-691
766-816
1069-1119
2259-2260
593-594
993-994
2145-2146
1045-1046
185-186
1432-1433
6-56
1445-1495
379-380
1688-1738
2237-2238
2443-2493
110-111
418-419
878-879
2204-2254
461-511
1151-1152
177-178
912-913
1393-1394
972-973
1484-1485
1620-1621
1964-1965
354-404
1459-1509
248-249
1016-1017
1691-1692
1061-1062
1796-1797
2300-2301
720-770
1232-1282
1147-1197
169-170
1385-1386
1422-1423
363-364
1335-1336
2283-2284
240-241
1382-1432
263-264
600-650
1991-1992
1992-2042
1305-1355
283-333
232-233
1000-1001
2395-2445
1100-1150
1868-1918
961-962
788-789
1524-1525
1548-1549
224-274
2144-2194
371-421
598-648
533-583
1507-1508
1087-1137
429-479
983-984
1427-1428
38-39
2381-2382
1763-1813
216-217
984-985
1252-1302
2021-2071
443-444
1242-1292
1498-1548
292-293
1564-1565
2020-2021
779-829
1995-2045
2289-2339
30-31
268-318
430-431
1518-1568
208-209
1824-1825
311-361
2007-2057
2389-2439
1959-1960
568-618
1960-2010
1129-1179
530-580
2-3
1068-1118
1836-1886
1405-1455
119-120
427-428
887-888
2157-2207
929-930
757-758
2118-2168
901-951
259-260
1475-1476
1369-1419
95-145
1055-1105
1455-1505
2271-2321
257-258
908-909
1420-1421
34-84
514-564
915-965
952-953
1026-1076
2327-2377
250-300
506-556
60-61
828-829
1220-1221
1988-1989
1545-1546
2110-2111
1342-1392
1035-1036
1491-1492
1562-1563
1895-1945
1977-1978
1318-1368
1798-1848
2149-2199
458-508
1928-1978
1097-1147
1994-1995
2102-2103
412-413
893-894
75-125
936-937
1247-1248
2015-2016
646-647
1402-1403
44-45
812-813
1236-1237
2004-2005
450-500
51-101
819-869
1561-1562
1089-1139
20-70
1782-1832
725-775
27-28
1187-1188
2101-2151
2077-2078
336-386
1279-1329
1423-1473
1745-1795
782-783
1394-1395
1614-1664
2062-2112
439-440
877-878
1389-1390
519-569
1735-1785
2179-2229
1188-1238
1478-1528
1956-2006
197-247
15-16
328-378
783-784
150-151
1898-1899
2326-2327
434-484
204-254
570-571
320-370
2016-2066
1015-1065
2323-2373
1761-1811
149-199
2325-2375
426-476
1642-1692
1465-1515
703-753
1215-1265
818-819
1150-1200
1330-1331
1918-1968
2131-2132
1370-1371
1830-1831
2266-2267
1379-1429
57-58
1785-1786
868-918
1380-1430
1860-1910
1048-1098
1816-1866
2313-2363
554-555
330-331
1322-1323
2109-2110
304-354
2416-2466
1009-1059
1362-1363
1710-1711
2076-2126
2258-2259
1549-1599
817-818
120-121
2305-2355
807-808
296-346
1512-1562
2095-2096
2216-2266
889-939
1001-1051
1156-1157
1924-1925
2172-2173
2461-2462
146-196
914-964
41-42
1257-1258
81-131
172-222
2284-2334
765-815
179-180
112-113
1333-1334
2285-2286
839-889
1795-1845
1510-1560
391-392
138-188
1433-1483
1142-1143
1930-1931
671-721
104-105
1183-1233
2353-2403
349-399
1951-1952
838-839
1172-1173
1940-1941
2156-2157
130-180
898-948
570-620
2345-2395
836-837
1348-1349
1629-1630
2192-2242
1323-1373
1161-1162
1929-1930
2315-2316
1633-1634
1638-1639
1946-1947
1805-1806
2453-2454
231-281
88-89
2151-2201
1414-1464
1787-1788
1370-1420
342-343
822-823
1334-1335
164-165
932-933
1469-1470
1163-1213
1224-1225
1704-1705
1931-1981
2376-2377
1682-1683
140-190
2414-2415
383-384
80-81
1952-1953
340-341
820-821
1730-1780
2259-2309
705-755
1217-1267
1812-1862
2142-2340
547-548
797-798
2155-2205
1010-1011
1522-1523
1719-1720
512-513
1141-1142
1709-1710
1909-1910
579-629
131-132
1240-1290
1608-1658
1514-1515
2245-2246
1627-1677
689-739
1116-1166
1884-1934
1601-1602
2497-2498
22-72
1238-1288
1755-1756
378-428
1214-1264
701-751
2071-2072
1446-1447
589-590
2328-2329
484-534
708-758
1476-1526
1021-1022
98-99
558-559
978-979
1070-1071
1308-1358
1490-1491
1950-1951
1119-1120
736-737
2018-2068
357-461
1620-1670
1910-1960
1109-1159
815-816
248-298
616-666
1575-1576
1576-1626
1976-2026
1877-1927
2104-2154
1151-1201
657-707
766-767
124-174
892-942
1084-1134
1852-1902
1873-1923
2423-2424
1005-1006
1517-1518
1607-1657
2051-2101
1060-1110
1996-2142
1541-1591
911-912
1266-1316
1135-1185
1160-1161
1759-1809
1896-1897
669-719
319-320
1311-1312
2338-2388
2035-2085
1369-1370
1592-1593
2195-2245
161-211
1889-1939
2228-2278
2488-2489
757-807
495-496
1013-1063
1770-1820
2037-2087
357-511
452-453
1245-1246
2013-2014
594-644
683-733
777-778
1289-1290
2235-2285
946-947
1458-1459
2365-2415
715-716
26-27
794-795
1254-1255
2022-2023
1421-1422
2023-2073
664-665
1176-1177
1657-1658
123-124
1944-1994
458-459
1450-1451
584-585
18-19
606-656
734-735
2381-2431
479-480
945-946
1168-1169
436-437
2348-2349
98-148
281-282
419-420
2331-2332
1028-1029
1488-1538
1129-1130
2446-2496
107-108
567-568
1079-1080
1779-1780
273-274
1205-1206
2157-2158
967-1017
1479-1529
1923-1973
420-470
644-694
1412-1462
463-464
856-906
1368-1418
2319-2320
2265-2315
1243-1293
732-782
1244-1294
1500-1550
2012-2062
477-527
1222-1223
1990-1991
2106-2107
1044-1045
1504-1554
1728-1778
115-165
663-713
854-904
1366-1416
1813-1863
1251-1252
1658-1708
2064-2114
1487-1537
329-330
2383-2433
702-703
1346-1347
205-206
973-974
1365-1366
1059-1109
505-506
1827-1877
2148-2198
741-791
1253-1303
280-330
2056-2106
2363-2364
1545-1595
214-215
982-983
36-37
1252-1253
1820-1821
496-546
1035-1085
174-175
12-62
798-799
511-512
1023-1024
497-498
1568-1618
1858-1908
55-105
693-743
431-432
824-874
1191-1192
1336-1386
2425-2475
388-389
1181-1182
1660-1661
251-301
489-490
382-383
700-750
1212-1262
2483-2484
1581-1582
2037-2038
2375-2425
1157-1207
1679-1680
3-4
666-716
1219-1220
601-651
138-139
374-375
1113-1163
495-545
1199-1249
2415-2465
1073-1123
1841-1891
686-736
415-416
1388-1389
473-474
884-934
1844-1894
373-423
1883-1884
2106-2156
553-603
1509-1510
393-394
1086-1136
573-623
723-724
1235-1236
320-321
465-466
688-689
358-359
423-473
2456-2457
202-252
1988-2142
1628-1629
2468-2469
350-351
668-718
1180-1230
1698-1699
608-609
1713-1714
1926-1927
194-244
672-722
1664-1714
310-360
80-130
2256-2306
1167-1217
1041-1091
1138-1139
654-704
1809-1859
1870-1920
183-184
627-628
2115-2165
2117-2167
72-122
918-919
1130-1131
2070-2071
1477-1478
178-228
1394-1444
859-909
1371-1421
348-398
541-591
1757-1807
2324-2325
64-114
1760-1810
247-297
2067-2117
33-83
801-851
2069-2119
1383-1384
170-220
1898-1948
1746-1796
591-641
446-496
2142-2341
843-844
1303-1304
981-982
1493-1494
163-213
2275-2325
1161-1211
1929-1979
48-98
1776-1826
2160-2210
2315-2365
1265-1315
1106-1107
990-1040
1506-1507
1566-1567
1966-1967
1805-1855
528-529
1040-1041
738-788
409-410
1665-1715
340-390
40-90
440-490
1656-1706
2152-2202
745-795
1445-1446
383-433
316-366
2092-2142
621-671
1707-1708
401-402
880-881
1077-1078
516-566
135-136
282-332
1351-1352
2447-2448
2393-2443
1285-1286
498-548
559-609
1775-1825
414-464
2205-2255
1094-1095
1652-1653
2444-2445
791-841
1753-1754
500-550
1460-1510
1786-1836
2042-2092
261-357
101-102
869-870
1723-1773
2057-2058
574-575
1474-1475
301-351
1367-1368
2251-2252
1889-1890
2330-2331
277-278
1037-1038
2197-2198
1511-1561
678-728
1158-1208
2310-2360
2043-2044
408-458
86-87
1124-1125
1948-1949
546-547
1058-1059
1646-1696
1774-1775
2142-2192
2322-2323
589-639
848-849
1184-1185
2400-2401
262-263
762-763
1986-2036
1107-1157
1875-1925
565-615
1563-1564
2261-2311
1053-1054
379-429
2257-2307
718-768
1230-1280
1515-1516
1975-1976
545-546
1313-1314
437-438
2247-2297
1864-1914
1497-1547
746-747
1258-1259
69-70
837-838
475-525
1691-1741
1969-2019
1740-1790
1857-1858
2241-2242
2362-2363
1516-1517
1376-1426
1299-1349
2011-2012
122-172
1296-1346
319-369
1737-1738
1742-1743
2174-2224
2354-2355
1419-1420
730-731
1190-1191
571-572
74-124
842-892
1288-1338
777-827
1289-1339
2346-2347
284-285
1277-1278
1392-1442
715-765
369-419
866-867
540-590
1052-1102
1182-1183
1421-1471
66-116
800-850
1312-1362
1463-1513
1689-1690
1792-1842
513-563
1281-1331
182-232
660-710
950-1000
1071-1072
872-922
1832-1882
2142-2188
361-411
505-555
1577-1578
1937-1987
748-798
1004-1054
1708-1758
2028-2078
237-287
555-556
1067-1068
1783-1784
1671-1721
1350-1400
1797-1847
389-390
50-100
287-337
2207-2257
2222-2272
1885-1935
63-64
1409-1410
698-699
119-169
2232-2233
601-602
887-937
1113-1114
929-979
1121-1171
52-102
1848-1849
1255-1256
42-92
810-860
2362-2412
1593-1643
1724-1725
2372-2373
1874-1924
59-109
971-972
1431-1432
1105-1106
1505-1506
1728-1729
2224-2225
653-654
1165-1166
551-601
697-698
1767-1817
1913-1914
518-568
1701-1751
891-892
329-379
202-203
682-683
1194-1195
840-841
1320-1321
162-163
622-623
930-931
1390-1391
1676-1726
205-255
973-1023
1542-1543
716-717
1196-1197
1876-1877
866-916
2003-2053
723-773
760-761
1235-1285
1491-1541
321-371
468-518
1528-1529
1715-1765
1179-1180
1947-1948
2333-2334
511-561
681-682
1023-1073
334-384
155-357
875-876
2035-2036
1008-1009
2165-2166
2371-2421
1638-1688
1605-1655
7-8
1223-1224
1480-1530
1667-1668
1561-1611
1558-1559
27-77
264-265
744-745
2139-2189
2225-2275
1941-2142
1356-1406
221-271
2077-2127
1473-1474
1984-2034
919-969
698-748
1914-1964
2217-2267
357-561
73-74
173-223
727-728
941-991
1239-1240
1683-1684
2123-2124
550-551
2125-2126
728-729
1496-1497
1509-1559
187-188
955-956
393-443
1341-1342
1456-1506
1649-1699
780-830
255-256
976-977
1056-1057
2272-2273
823-873
2424-2425
385-435
175-176
1448-1498
2351-2352
1785-1835
2169-2219
1810-1860
2385-2435
770-771
364-414
1324-1374
1661-1711
171-172
631-632
939-940
1587-1588
1441-1442
1664-1665
2416-2417
1837-1838
707-757
2119-2169
2142-2346
771-772
1546-1596
1669-1670
607-657
239-289
2095-2145
542-592
942-992
159-160
2335-2336
1-2
769-770
2490-2491
372-373
652-653
802-852
1282-1332
659-709
2393-2394
217-218
1171-1221
1464-1465
355-356
1775-1776
572-573
1340-1341
2405-2406
1424-1474
1614-1615
2482-2483
829-879
64-65
209-210
944-945
1685-1686
2445-2446
167-217
1383-1433
2200-2201
2343-2393
1659-1660
970-1020
1416-1466
2474-2475
156-157
356-357
637-638
843-893
456-457
494-495
1554-1555
2270-2271
2398-2448
1888-1889
2192-2193
332-333
556-557
1492-1493
1716-1717
928-978
1440-1490
339-389
563-613
1331-1381
1817-1818
1920-1970
54-104
532-582
1270-1320
1748-1798
795-796
1307-1308
848-898
1294-1295
910-960
883-884
1395-1396
1553-1554
621-622
1799-1849
2436-2486
965-1015
323-324
472-522
527-528
984-1034
1743-1744
2392-2442
1138-1188
972-1022
1484-1534
797-847
2013-2063
1082-1083
1850-1851
2246-2247
832-882
470-520
982-1032
1686-1736
2390-2440
661-711
367-368
938-988
1127-1128
1130-1180
847-897
462-463
562-563
1406-1456
2083-2133
825-826
2041-2042
612-662
1092-1142
1573-1623
2378-2428
2057-2107
74-75
842-843
816-866
2251-2301
734-784
1548-1598
1037-1087
351-352
561-562
1777-1778
1623-1673
153-154
632-633
2049-2099
2196-2246
2142-2288
184-234
1912-1962
1401-1451
658-708
1426-1476
2043-2093
271-321
491-541
809-810
1321-1322
593-643
386-387
940-990
1452-1502
1662-1663
1788-1838
2236-2286
1277-1327
503-504
947-948
145-146
1283-1333
292-342
772-822
1284-1334
2181-2231
261-311
335-336
906-956
1095-1096
1539-1540
2191-2192
2137-2187
517-518
1029-1030
815-865
392-393
616-617
2031-2081
158-208
2334-2384
93-143
1428-1429
418-468
642-692
2423-2473
2009-2010
2356-2406
1653-1703
487-488
1082-1132
1850-1900
313-363
2089-2139
444-445
580-581
1885-1886
1579-1629
1854-1855
45-95
1111-1112
1555-1556
1121-1122
1178-1179
1894-1895
21-22
377-378
600-601
2233-2234
1958-2008
421-471
1275-1276
152-202
1737-1787
676-677
1444-1445
1419-1469
154-357
2466-2467
908-958
1170-1171
1420-1470
1630-1631
1938-1939
2158-2159
127-128
2144-2145
369-370
6-7
2042-2043
84-85
428-429
564-565
1076-1077
435-485
2296-2297
1845-1895
411-412
1059-1060
1827-1828
260-261
1788-1789
123-173
361-362
2065-2115
398-399
1486-1536
1792-1793
2288-2289
1197-1198
1397-1398
1965-1966
1091-1141
1859-1909
358-408
455-456
1411-1412
2311-2312
281-331
2331-2381
2280-2281
1089-1090
500-501
524-525
1260-1261
1120-1170
1600-1650
531-581
1043-1093
534-584
483-484
1243-1244
1647-1648
1705-1755
63-113
1993-1994
1213-1263
403-404
1981-2031
2379-2380
2010-2011
2086-2087
1869-1870
739-789
995-1045
1699-1749
2019-2069
2072-2073
228-278
218-268
474-524
2340-2341
28-29
484-485
1756-1757
624-674
1136-1186
971-1021
113-163
494-544
653-703
1165-1215
288-289
2016-2017
2064-2065
2359-2409
1945-1946
1142-1192
1876-1926
1365-1415
423-424
760-810
1128-1178
105-155
2281-2331
2046-2047
636-686
1404-1454
2050-2051
381-431
2167-2168
2475-2476
357-560
1927-1977
451-452
1562-1612
1615-1616
1546-1547
1782-1783
133-134
2309-2310
31-81
431-481
1247-1297
1582-1632
1181-1231
1949-1999
2305-2306
1978-1979
2118-2119
1080-1081
1780-1830
239-240
1007-1008
196-197
964-965
1501-1502
1195-1245
521-522
1963-2013
318-368
1227-1228
2391-2392
737-738
1584-1585
1984-1985
538-539
1510-1511
1831-1881
953-954
294-344
774-824
2214-2264
73-123
970-971
2123-2173
1096-1097
2082-2083
1886-1936
786-787
1118-1168
1298-1299
2014-2015
2125-2175
223-224
991-992
2298-2299
378-379
1798-1799
180-181
948-949
25-26
65-115
212-262
2068-2118
163-164
2075-2076
255-305
399-449
937-938
2001-2051
2290-2291
2254-2304
721-771
78-128
370-371
977-1027
1550-1600
1678-1679
17-18
785-786
2337-2338
711-761
1155-1205
164-214
454-504
932-982
207-208
2376-2426
975-976
1224-1274
362-363
1814-1815
2282-2283
705-706
1217-1218
1478-1479
1780-1781
2316-2317
992-1042
1216-1266
627-677
1175-1225
2368-2418
225-275
481-531
993-1043
1301-1351
1978-2028
441-491
841-842
1602-1603
1982-1983
346-347
806-807
717-718
1485-1486
355-405
1315-1365
2105-2106
324-374
2107-2108
24-74
792-842
2378-2379
726-727
1494-1495
1718-1719
548-549
2301-2302
1008-1058
2352-2402
1905-1955
338-339
686-687
1774-1824
2445-2495
241-242
1009-1010
2097-2098
2336-2386
2168-2169
1973-2023
943-944
488-538
1192-1242
2408-2458
132-133
900-901
1148-1149
1437-1438
1916-1917
2194-2244
763-813
233-234
1531-1581
126-127
894-895
1468-1518
2220-2270
2091-2092
673-674
1185-1186
1920-1921
2160-2161
309-310
1069-1070
1525-1526
1987-2037
486-536
2439-2440
1946-1996
2186-2236
409-459
118-119
906-907
1925-1926
1586-1636
863-913
1375-1425
2152-2153
1329-1379
1198-1248
1822-1872
927-928
2079-2080
311-357
2234-2235
2178-2228
696-697
1208-1209
2137-2138
628-678
1140-1190
117-167
885-935
1115-1116
1833-1883
93-94
1765-1766
299-349
137-138
905-906
1595-1645
1870-1871
2226-2227
1085-1135
1291-1292
832-833
977-978
1200-1201
2129-2130
102-103
410-411
269-270
1941-1942
2189-2190
1127-1177
2087-2137
390-440
1574-1624
346-396
1160-1210
2218-2219
445-446
1116-1117
1884-1885
2212-2213
200-201
680-681
94-95
402-403
862-863
1436-1486
2431-2432
416-417
1414-1415
1658-1659
2252-2253
706-756
1152-1202
788-838
2004-2054
1643-1693
1297-1347
526-527
1038-1039
1166-1216
695-696
429-430
1543-1544
2136-2186
584-634
216-266
1430-1431
1733-1734
690-740
603-653
1544-1545
1563-1613
92-142
860-910
1053-1103
545-595
1313-1363
214-264
1942-1992
2134-2184
917-967
111-112
1429-1479
2234-2284
1721-1771
1234-1284
1103-1153
1609-1610
190-240
587-588
1559-1560
2263-2264
422-423
1626-1627
725-726
931-981
1443-1493
1560-1561
1829-1879
414-415
95-96
1296-1297
1250-1300
1879-1929
888-889
1400-1401
1921-1971
84-134
374-424
1711-1712
1768-1818
2296-2346
551-552
552-602
952-1002
1144-1194
633-683
1145-1195
1701-1702
127-177
849-899
2306-2307
60-110
828-878
1644-1694
1901-1951
913-914
1392-1393
2465-2466
583-633
1027-1077
2243-2293
36-86
1766-1816
5-55
79-80
26-76
647-648
794-844
1689-1739
242-292
1071-1121
136-137
872-873
2078-2128
1727-1728
2367-2368
1908-1909
2188-2189
535-585
755-805
1047-1097
1267-1317
353-403
1523-1573
244-294
1012-1062
1635-1636
234-284
490-540
1002-1052
613-614
1381-1382
2364-2365
1211-1261
1979-2029
510-560
1811-1812
1600-1601
1745-1746
2480-2481
789-790
999-1049
121-122
856-857
1368-1369
1637-1687
920-970
1626-1676
1993-2043
598-599
1590-1591
2173-2174
2379-2429
2472-2473
1314-1315
1134-1184
1902-1952
2030-2031
2066-2067
1869-1919
113-114
1360-1361
1612-1613
2484-2485
2355-2405
2329-2330
2467-2468
4-5
2044-2045
464-514
891-941
105-106
2318-2319
142-143
1778-1779
243-244
2419-2420
2321-2322
181-182
387-437
1603-1604
2008-2058
581-582
219-269
1179-1229
1947-1997
1457-1507
1946-2142
2333-2383
244-245
1804-1805
2142-2344
161-357
790-840
1302-1352
2006-2056
227-228
634-684
1903-1904
1961-2011
1552-1602
463-513
1225-1226
2377-2378
322-323
1998-1999
2098-2099
1619-1620
341-342
2361-2362
1851-1852
586-636
1354-1404
521-571
2090-2091
228-229
796-797
2012-2013
2084-2085
1227-1277
1378-1379
1746-1747
2222-2223
2270-2320
2353-2354
544-594
834-884
727-777
1024-1074
1239-1289
2103-2153
694-744
1172-1222
1462-1512
1940-1990
2343-2344
167-168
1528-1578
2040-2090
873-923
1017-1067
380-381
1551-1601
1771-1821
2345-2346
1425-1475
1666-1667
2430-2431
749-799
1323-1324
1517-1567
2039-2040
2301-2351
1681-1682
1773-1774
1159-1209
2308-2358
195-196
2442-2492
655-656
1871-1872
2186-2187
2422-2423
2053-2054
818-868
1330-1380
175-225
1391-1441
2351-2401
1838-1888
575-576
1567-1568
1665-1666
364-365
1698-1748
2434-2484
631-681
1399-1449
1441-1491
820-870
2421-2471
347-348
554-604
1322-1372
1849-1899
485-486
1980-1981
2116-2117
1362-1412
827-877
2441-2442
1339-1389
334-335
62-112
1278-1328
1714-1715
2135-2136
1216-1217
1840-1841
2368-2369
1557-1558
1209-1210
38-88
1030-1080
1957-2007
2250-2300
841-891
348-349
674-675
2444-2494
717-767
1485-1535
1663-1664
689-690
1424-1425
1905-1906
122-123
1996-1997
2100-2101
1378-1428
2242-2292
1971-2021
502-552
1014-1064
2358-2408
469-519
2083-2084
1573-1574
1744-1794
143-193
1659-1709
114-115
846-896
1806-1856
1934-1935
1387-1388
2231-2232
752-753
1264-1265
1894-1944
1093-1143
2435-2436
775-776
1287-1288
1624-1674
1861-1911
1817-1867
106-107
1046-1047
453-454
370-420
795-845
8-9
776-777
1256-1257
1307-1357
2024-2025
2396-2446
733-783
1300-1301
2036-2037
2060-2061
736-786
2112-2162
2295-2345
883-933
1395-1445
406-456
1622-1672
1045-1095
359-360
362-412
185-235
466-516
1743-1793
685-735
279-280
1453-1503
1495-1496
1939-1940
2237-2287
90-91
1062-1063
2211-2261
2244-2294
293-343
1467-1468
1754-1804
137-187
905-955
804-805
1316-1317
240-290
2096-2146
1291-1341
82-83
482-483
542-543
942-943
269-319
767-768
2189-2239
720-721
1232-1233
343-393
1335-1385
2457-2458
129-179
232-282
1592-1642
2088-2138
1641-1691
203-357
421-422
1042-1092
2431-2481
514-515
2428-2478
108-158
876-926
1026-1027
1917-1967
683-684
1075-1076
1843-1844
1152-1153
53-54
1269-1270
230-280
1413-1463
327-328
2330-2380
1034-1084
1802-1852
2183-2184
153-203
751-801
513-514
1281-1282
116-117
1932-1933
546-596
1058-1108
1427-1477
729-730
1538-1588
436-486
867-868
762-812
1018-1068
443-493
2219-2269
450-451
2349-2399
275-276
2273-2274
353-354
13-14
1173-1174
679-729
2489-2490
134-184
1830-1880
507-508
90-140
1482-1532
1609-1659
100-101
924-925
1405-1406
587-637
1960-1961
2120-2121
968-969
1099-1149
238-239
366-416
2481-2482
160-161
1376-1377
1158-1159
1914-1915
2310-2311
76-77
844-845
1068-1069
1836-1837
962-1012
83-133
851-901
566-616
1044-1094
1237-1287
539-540
508-509
1360-1410
1899-1949
2473-2474
491-492
951-952
1901-1902
2485-2486
1031-1081
1734-1784
2180-2230
709-759
67-68
835-836
840-890
1039-1040
1221-1271
1807-1808
473-523
662-663
1174-1175
946-996
1458-1508
411-461
716-766
321-322
1338-1339
492-493
352-402
2039-2089
2199-2249
2017-2067
475-476
1450-1500
2170-2220
1977-2027
272-322
1727-1777
2367-2417
206-207
1842-1843
395-396
166-167
1882-1883
2342-2343
1635-1685
569-570
1081-1082
1892-1942
264-314
2122-2172
586-587
1354-1355
1578-1579
476-477
2332-2333
1328-1378
1521-1571
158-159
1762-1763
2334-2335
1073-1074
1841-1842
256-306
2114-2164
439-489
665-666
2230-2280
1831-1832
808-858
2024-2074
2142-2345
15-65
1769-1770
553-554
235-285
783-833
130-131
684-734
898-899
1003-1053
1105-1155
2285-2335
247-248
691-692
1203-1204
1533-1583
624-625
1136-1137
2209-2210
1863-1913
326-376
2022-2072
773-823
903-904
650-700
1162-1212
1415-1416
1945-1995
1654-1655
2442-2443
2437-2438
2399-2449
1695-1745
479-529
904-905
991-1041
1128-1129
302-352
670-720
861-911
1983-1984
2111-2112
385-386
1350-1351
1922-1972
162-212
2167-2217
930-980
312-313
1154-1204
97-147
2164-2214
231-232
1338-1388
57-107
188-189
1860-1861
1835-1885
1342-1343
1730-1731
557-607
407-408
2109-2159
304-305
743-793
889-890
1446-1496
165-215
1882-1932
2377-2427
1225-1275
854-855
1366-1367
1846-1847
1725-1726
2250-2251
296-297
1736-1737
2216-2217
652-702
895-896
1407-1408
592-593
1104-1105
518-519
1530-1531
172-173
852-853
1332-1333
2208-2258
179-229
1729-1779
2369-2419
2324-2374
1333-1383
155-156
923-924
1315-1316
1309-1310
873-874
2034-2035
270-320
2062-2063
2190-2240
1011-1012
1771-1772
2163-2164
1024-1025
1347-1397
102-152
325-375
643-644
456-506
2055-2056
25-75
2454-2455
2142-2196
2075-2125
2312-2313
1201-1251
332-382
2269-2319
448-498
2337-2387
995-996
890-940
1193-1243
207-257
575-625
2121-2122
2127-2177
1726-1776
1469-1519
147-148
2221-2271
1498-1499
1101-1102
2261-2262
740-790
1508-1558
1732-1782
485-535
2441-2491
317-318
1533-1534
432-482
625-675
610-611
1006-1056
1122-1123
1582-1583
2002-2003
2303-2304
32-33
1248-1249
2274-2324
1495-1545
1719-1769
1327-1328
424-474
2087-2088
249-299
274-324
1663-1713
1169-1219
1278-1279
2412-2462
300-350
357-411
125-175
307-308
301-302
2029-2030
1606-1656
2052-2102
963-964
266-316
1935-1936
1034-1035
1270-1271
1802-1803
2038-2039
645-646
2034-2084
543-593
943-993
1672-1673
2287-2337
2408-2409
1437-1487
831-832
1343-1344
1823-1824
1466-1467
2420-2421
258-308
2291-2341
2071-2121
673-723
1185-1235
2036-2086
1269-1319
751-752
1525-1575
2026-2076
2403-2404
708-709
1476-1477
159-357
400-450
1106-1156
1451-1501
1801-1802
78-79
830-880
1970-1971
1687-1688
1361-1362
2112-2113
2257-2258
1050-1051
1818-1819
359-409
1319-1369
1688-1689
2392-2393
635-636
392-442
#size map: height 50 x width 50
